# span 00: video 0.00-110.40 s (show time = video - 0.036). Columns per 0.5 s: luma(0-1) dark% white% fire% fireUpper% fireLower% whiteUpper% | top saturated hues (% of frame)
# camera cuts (video s): [22.6, 33.28, 51.0, 54.88, 55.6, 58.56, 59.12, 66.84, 70.08, 75.92, 76.6, 77.64, 79.36, 80.08, 80.6, 83.28, 86.8, 92.72, 95.88, 96.48, 99.32]
# sudden brightening frames (flash/strobe/fireball candidates, luma +0.05 in 1/25 s): [55.28, 66.84, 75.92, 76.0, 76.04, 76.08, 76.12, 76.16, 79.36, 83.76]
    0.0 0.04  57  0.0  0.0  0.0  0.0  0.0 | 
    0.5 0.04  57  0.0  0.0  0.0  0.0  0.0 | 
    1.0 0.04  57  0.0  0.0  0.0  0.0  0.0 | 
    1.5 0.04  57  0.0  0.0  0.0  0.0  0.0 | 
    2.0 0.04  57  0.0  0.0  0.0  0.0  0.0 | 
    2.5 0.04  57  0.0  0.0  0.0  0.0  0.0 | 
    3.0 0.04  57  0.0  0.0  0.0  0.0  0.0 | 
    3.5 0.04  57  0.0  0.0  0.0  0.0  0.0 | 
    4.0 0.04  57  0.0  0.0  0.0  0.0  0.0 | 
    4.5 0.04  57  0.0  0.0  0.0  0.0  0.0 | 
    5.0 0.04  57  0.0  0.0  0.0  0.0  0.0 | 
    5.5 0.04  57  0.0  0.0  0.0  0.0  0.0 | 
    6.0 0.07  18  0.0  0.0  0.0  0.0  0.0 | azure 0.8
    6.5 0.08  14  0.1  0.0  0.0  0.0  0.0 | azure 0.9
    7.0 0.08  14  0.2  0.0  0.0  0.0  0.0 | azure 0.9
    7.5 0.08  14  0.2  0.0  0.0  0.0  0.0 | azure 0.8
    8.0 0.08  14  0.2  0.0  0.0  0.0  0.0 | azure 0.9
    8.5 0.08  13  0.2  0.0  0.0  0.0  0.0 | azure 0.8
    9.0 0.08  13  0.2  0.0  0.0  0.0  0.0 | azure 0.9
    9.5 0.07  13  0.0  0.0  0.0  0.0  0.0 | azure 0.9
   10.0 0.07  13  0.0  0.0  0.0  0.0  0.0 | azure 0.8
   10.5 0.06   2  0.0  0.0  0.0  0.0  0.0 | azure 0.3
   11.0 0.06   2  0.0  0.0  0.0  0.0  0.0 | azure 0.3
   11.5 0.06   2  0.0  0.0  0.0  0.0  0.0 | azure 0.3
   12.0 0.06   2  0.0  0.0  0.0  0.1  0.0 | azure 0.4
   12.5 0.06   2  0.0  0.0  0.0  0.1  0.0 | azure 0.5
   13.0 0.06   2  0.0  0.0  0.0  0.1  0.0 | azure 0.6
   13.5 0.06   2  0.0  0.0  0.0  0.1  0.0 | azure 0.9
   14.0 0.07   2  0.0  0.0  0.0  0.1  0.0 | azure 1.1
   14.5 0.07   2  0.0  0.0  0.0  0.1  0.0 | azure 1.3
   15.0 0.07   2  0.0  0.1  0.0  0.3  0.0 | azure 1.6
   15.5 0.07   2  0.0  0.2  0.0  0.5  0.0 | azure 1.9
   16.0 0.08   2  0.0  0.3  0.0  0.5  0.0 | azure 2.2
   16.5 0.09   2  0.0  0.4  0.0  0.7  0.0 | azure 2.5 red 0.3
   17.0 0.09   2  0.0  0.5  0.0  0.9  0.0 | azure 2.8 red 0.5
   17.5 0.09   2  0.0  0.7  0.0  1.3  0.0 | azure 3.0 red 0.6
   18.0 0.10   2  0.0  0.8  0.0  1.6  0.0 | azure 3.0 red 0.8
   18.5 0.10   2  0.0  1.0  0.1  1.8  0.0 | azure 3.1 red 1.0
   19.0 0.10   2  0.0  1.1  0.1  2.0  0.0 | azure 3.2 red 1.0
   19.5 0.10   3  0.0  1.0  0.1  1.8  0.0 | azure 3.3 red 0.9
   20.0 0.10   3  0.0  0.9  0.1  1.6  0.0 | azure 3.3 red 0.8
   20.5 0.10   3  0.0  0.8  0.2  1.5  0.0 | azure 3.2 blue 0.8
   21.0 0.10   3  0.0  0.7  0.2  1.3  0.0 | azure 3.2 blue 0.8
   21.5 0.11   3  0.0  0.7  0.2  1.2  0.0 | azure 3.3 blue 0.9
   22.0 0.11   3  0.0  0.6  0.2  1.0  0.0 | azure 3.4 blue 1.1
   22.5 0.07  35  0.0  0.1  0.0  0.2  0.0 | azure 0.7 CUT
   23.0 0.06  41  0.0  0.0  0.0  0.1  0.0 | 
   23.5 0.06  41  0.0  0.0  0.0  0.1  0.0 | 
   24.0 0.06  41  0.0  0.0  0.0  0.0  0.0 | 
   24.5 0.06  41  0.0  0.0  0.0  0.0  0.0 | 
   25.0 0.06  42  0.0  0.0  0.0  0.1  0.0 | 
   25.5 0.06  42  0.0  0.0  0.0  0.1  0.0 | 
   26.0 0.06  42  0.0  0.0  0.0  0.1  0.0 | 
   26.5 0.06  43  0.0  0.0  0.0  0.1  0.0 | 
   27.0 0.06  43  0.0  0.0  0.0  0.1  0.0 | 
   27.5 0.06  43  0.0  0.0  0.0  0.1  0.0 | 
   28.0 0.06  43  0.0  0.0  0.0  0.1  0.0 | 
   28.5 0.06  44  0.0  0.1  0.0  0.1  0.0 | 
   29.0 0.06  44  0.0  0.0  0.0  0.1  0.0 | 
   29.5 0.06  44  0.0  0.0  0.0  0.1  0.0 | 
   30.0 0.06  45  0.0  0.0  0.0  0.1  0.0 | 
   30.5 0.06  45  0.0  0.0  0.0  0.1  0.0 | 
   31.0 0.06  45  0.0  0.0  0.0  0.1  0.0 | 
   31.5 0.06  46  0.0  0.0  0.0  0.1  0.0 | 
   32.0 0.05  46  0.0  0.0  0.0  0.1  0.0 | 
   32.5 0.05  46  0.0  0.1  0.0  0.1  0.0 | 
   33.0 0.07  28  0.0  0.4  0.0  0.8  0.0 | red 0.5 azure 0.4 CUT
   33.5 0.08   7  0.0  0.9  0.0  1.7  0.0 | red 1.1 azure 0.7
   34.0 0.08   7  0.0  0.9  0.0  1.8  0.0 | red 1.1 azure 0.7
   34.5 0.08   7  0.0  1.0  0.0  1.9  0.0 | red 1.1 azure 0.7
   35.0 0.08   7  0.0  1.0  0.0  2.1  0.0 | red 1.2 azure 0.6
   35.5 0.08   7  0.0  1.1  0.0  2.1  0.0 | red 1.2 azure 0.6
   36.0 0.08   6  0.0  1.0  0.0  2.1  0.0 | red 1.2 azure 0.6
   36.5 0.06  12  0.0  0.3  0.1  0.5  0.0 | azure 2.3 red 0.3
   37.0 0.06  12  0.0  0.4  0.2  0.6  0.0 | azure 2.3 red 0.3
   37.5 0.06  12  0.0  0.4  0.2  0.5  0.0 | azure 2.2 red 0.3
   38.0 0.06  12  0.0  0.3  0.2  0.5  0.0 | azure 2.2 red 0.3
   38.5 0.06  12  0.0  0.3  0.1  0.5  0.0 | azure 2.0
   39.0 0.06  12  0.0  0.3  0.1  0.5  0.0 | azure 2.1
   39.5 0.05  39  0.0  0.1  0.0  0.3  0.0 | azure 0.8
   40.0 0.04  53  0.0  0.1  0.0  0.2  0.0 | 
   40.5 0.04  54  0.0  0.1  0.0  0.1  0.0 | 
   41.0 0.04  54  0.0  0.1  0.0  0.1  0.0 | 
   41.5 0.04  55  0.0  0.1  0.0  0.1  0.0 | 
   42.0 0.04  55  0.0  0.1  0.0  0.1  0.0 | 
   42.5 0.04  56  0.0  0.1  0.0  0.1  0.0 | 
   43.0 0.07  30  0.1  1.8  1.0  2.6  0.1 | red 2.2 rose 0.7
   43.5 0.07  34  0.1  1.8  1.3  2.2  0.1 | red 1.9 rose 0.8
   44.0 0.06  38  0.0  1.1  1.2  1.0  0.1 | red 1.3 rose 0.5
   44.5 0.06  42  0.0  1.2  1.6  0.7  0.1 | red 1.1 rose 0.8
   45.0 0.06  39  0.0  1.3  1.7  0.8  0.1 | rose 1.2 red 1.1
   45.5 0.06  39  0.0  1.8  2.2  1.5  0.1 | rose 1.6 red 1.5
   46.0 0.06  39  0.0  1.8  2.2  1.4  0.1 | red 1.8 rose 1.1
   46.5 0.06  41  0.1  1.2  1.8  0.6  0.1 | red 1.2 rose 0.7
   47.0 0.06  40  0.1  1.3  1.7  0.9  0.1 | red 1.5 rose 0.5
   47.5 0.05  42  0.0  0.9  0.9  1.0  0.1 | red 1.2
   48.0 0.04  55  0.0  0.4  0.4  0.4  0.0 | red 0.5
   48.5 0.04  60  0.0  0.1  0.1  0.1  0.0 | 
   49.0 0.04  61  0.0  0.1  0.0  0.1  0.0 | 
   49.5 0.04  60  0.0  0.1  0.0  0.1  0.0 | 
   50.0 0.04  61  0.0  0.0  0.0  0.1  0.0 | 
   50.5 0.05  50  0.0  0.7  0.4  0.9  0.1 | red 0.9
   51.0 0.04  56  0.0  1.9  1.0  2.9  0.1 | red 2.5 rose 0.4 CUT
   51.5 0.04  55  0.1  1.8  1.1  2.4  0.1 | red 2.4 rose 0.7
   52.0 0.03  56  0.1  1.4  1.4  1.4  0.1 | red 1.5 rose 0.9
   52.5 0.03  56  0.0  1.4  1.2  1.6  0.1 | red 1.5 rose 0.7
   53.0 0.04  53  0.1  1.9  1.1  2.7  0.1 | red 2.0 rose 0.9
   53.5 0.03  59  0.0  1.9  0.3  3.5  0.0 | red 2.3 rose 0.5
   54.0 0.03  60  0.0  0.9  0.1  1.6  0.0 | red 1.0
   54.5 0.04  52  0.0  1.4  0.0  2.8  0.0 | red 1.6 rose 0.7 CUT
   55.0 0.05  40  0.1  4.1  0.0  8.2  0.0 | red 4.5 rose 1.3
   55.5 0.03  69  0.1  1.6  0.0  3.3  0.0 | red 1.6 rose 0.5 CUT
   56.0 0.01  82  0.0  0.1  0.0  0.2  0.0 | 
   56.5 0.02  82  0.0  0.2  0.0  0.3  0.0 | 
   57.0 0.02  79  0.1  0.1  0.0  0.3  0.0 | 
   57.5 0.01  81  0.0  0.0  0.0  0.0  0.0 | 
   58.0 0.01  82  0.0  0.0  0.0  0.0  0.0 | 
   58.5 0.06  31  0.1  2.1  1.2  3.0  0.1 | red 2.6 rose 0.6 CUT
   59.0 0.07  29  0.1  3.2  3.3  3.1  0.2 | red 3.6 rose 1.1 CUT
   59.5 0.07  31  0.1  2.8  4.6  1.0  0.2 | red 3.5 rose 0.8
   60.0 0.06  40  0.1  2.6  3.9  1.2  0.1 | red 2.8 rose 1.3
   60.5 0.06  38  0.0  2.4  4.2  0.6  0.1 | rose 2.1 red 2.0
   61.0 0.06  40  0.1  2.1  3.1  1.1  0.1 | rose 1.9 red 1.6
   61.5 0.06  41  0.1  2.2  3.4  1.0  0.1 | red 1.9 rose 1.6
   62.0 0.06  38  0.1  2.2  3.5  0.9  0.2 | red 2.4 rose 1.2
   62.5 0.07  32  0.2  2.7  3.6  1.9  0.3 | red 3.0 rose 1.3
   63.0 0.07  28  0.1  3.0  2.7  3.3  0.2 | red 3.4 rose 1.1
   63.5 0.04  55  0.0  0.6  0.5  0.8  0.0 | red 0.8
   64.0 0.03  66  0.0  0.1  0.1  0.1  0.0 | 
   64.5 0.03  65  0.0  0.1  0.0  0.1  0.0 | 
   65.0 0.03  64  0.0  0.1  0.0  0.1  0.0 | 
   65.5 0.04  50  0.1  0.4  0.4  0.4  0.1 | rose 0.8
   66.0 0.05  40  0.1  0.7  0.9  0.4  0.1 | rose 2.1
   66.5 0.07  27  0.0  1.2  0.9  1.4  0.0 | rose 3.0 red 0.5 CUT
   67.0 0.10   4  0.0  1.8  0.3  3.4  0.0 | rose 3.1 red 1.1
   67.5 0.11   4  0.0  2.8  0.2  5.3  0.0 | rose 6.1 magenta 1.1
   68.0 0.11   3  0.0  2.7  0.0  5.4  0.0 | rose 7.6 magenta 1.5
   68.5 0.11   4  0.0  1.2  0.0  2.4  0.0 | rose 3.6 magenta 1.5
   69.0 0.13   4  0.1  0.9  0.0  1.8  0.0 | red 1.1 rose 0.5
   69.5 0.16   3  0.1  0.9  0.0  1.7  0.0 | red 1.0 azure 0.4
   70.0 0.09  41  0.1  0.2  0.0  0.3  0.1 |  CUT
   70.5 0.07  48  0.1  0.0  0.0  0.1  0.2 | 
   71.0 0.07  47  0.2  0.0  0.0  0.1  0.3 | 
   71.5 0.07  47  0.2  0.0  0.0  0.1  0.4 | 
   72.0 0.08  43  0.2  0.0  0.0  0.1  0.5 | 
   72.5 0.08  39  0.2  0.1  0.0  0.1  0.3 | 
   73.0 0.07  42  0.2  0.1  0.0  0.1  0.2 | 
   73.5 0.07  41  0.4  0.1  0.0  0.1  0.7 | 
   74.0 0.08  41  0.3  0.1  0.0  0.1  0.7 | 
   74.5 0.08  44  0.2  0.1  0.0  0.1  0.5 | 
   75.0 0.08  44  0.2  0.1  0.0  0.1  0.4 | 
   75.5 0.11  37  0.2  0.2  0.1  0.3  0.3 | azure 0.5 blue 0.4 CUT
   76.0 0.67   0 22.8  9.2  5.1 13.3 23.2 | red 9.6 rose 6.3
   76.5 0.32   0  3.2 25.0 17.4 32.7  5.6 | rose 26.2 red 11.3 CUT
   77.0 0.16   2  0.7  7.7  8.1  7.4  1.4 | rose 12.0 red 1.6
   77.5 0.06  46  0.0  0.2  0.1  0.3  0.0 | azure 0.3 CUT
   78.0 0.05  53  0.0  0.0  0.0  0.1  0.1 | 
   78.5 0.07  48  0.1  0.1  0.0  0.1  0.2 | 
   79.0 0.11  33  0.3  4.4  6.7  2.1  0.5 | rose 3.7 red 3.0 CUT
   79.5 0.20   2  0.6 17.2 24.9  9.6  1.2 | rose 12.4 red 11.3
   80.0 0.17   7  0.4 15.2 24.5  5.8  0.8 | rose 13.7 red 6.1 CUT
   80.5 0.04  54  0.0  0.7  1.1  0.3  0.0 | red 0.5 rose 0.5 CUT
   81.0 0.03  50  0.0  0.2  0.3  0.2  0.0 | blue 1.0 azure 0.7
   81.5 0.04  47  0.1  0.3  0.3  0.2  0.1 | blue 0.6 azure 0.6
   82.0 0.06  42  0.2  2.4  1.0  3.9  0.1 | red 2.3 rose 1.6
   82.5 0.09  28  0.4  9.8  2.8 16.9  0.1 | red 6.9 rose 5.6
   83.0 0.10  24  0.4 10.6  3.1 18.0  0.1 | rose 8.7 red 5.7 CUT
   83.5 0.12  22  0.5  1.2  0.9  1.4  0.0 | azure 4.2 blue 2.0
   84.0 0.18  19  1.2  0.3  0.2  0.4  0.7 | azure 6.1 blue 2.8
   84.5 0.16  13  1.2  0.3  0.1  0.6  1.3 | azure 2.8 blue 1.2
   85.0 0.14  13  1.6  2.3  2.3  2.2  2.1 | rose 4.1 azure 1.2
   85.5 0.14  14  2.2  7.2  5.0  9.5  3.5 | rose 9.8 red 2.4
   86.0 0.10  24  0.4  7.2  5.8  8.5  0.7 | rose 9.1 red 2.2
   86.5 0.08  22  0.0  0.8  0.2  1.4  0.0 | blue 1.4 azure 0.9 CUT
   87.0 0.11  13  0.0  0.7  0.0  1.5  0.0 | blue 1.1 azure 1.1
   87.5 0.14   8  0.8  0.6  0.0  1.3  0.0 | azure 1.9 blue 1.2
   88.0 0.20   4  1.4  0.3  0.0  0.6  0.0 | azure 5.7 blue 0.5
   88.5 0.14  14  0.6  0.3  0.0  0.6  0.3 | red 0.5 rose 0.4
   89.0 0.14   8  1.0  0.3  0.0  0.6  1.0 | blue 1.0 rose 1.0
   89.5 0.18   4  1.3  0.4  0.0  0.8  1.5 | blue 0.8 rose 0.8
   90.0 0.18   4  1.4  1.1  0.0  2.1  1.9 | red 2.2 rose 1.0
   90.5 0.18   5  1.7  0.3  0.0  0.5  1.9 | rose 1.7 blue 1.1
   91.0 0.18   5  1.6  0.7  0.0  1.5  1.5 | rose 3.0 red 1.6
   91.5 0.17   9  1.2  1.1  0.0  2.3  0.8 | red 2.5 rose 2.3
   92.0 0.16   7  1.1  0.5  0.0  0.9  0.7 | rose 1.8 blue 1.1
   92.5 0.13  15  0.7  0.2  0.1  0.2  1.0 | rose 1.2 blue 0.7 CUT
   93.0 0.10  27  0.4  0.0  0.1  0.0  0.8 | rose 0.3
   93.5 0.10  27  0.5  0.0  0.0  0.0  0.9 | azure 0.5
   94.0 0.10  29  0.5  0.0  0.0  0.0  0.8 | 
   94.5 0.10  31  0.4  0.0  0.0  0.0  0.8 | 
   95.0 0.10  28  0.4  0.0  0.0  0.0  0.7 | 
   95.5 0.11  23  0.4  0.3  0.0  0.6  0.5 | azure 0.5 CUT
   96.0 0.11  23  0.6  1.5  0.2  2.7  0.6 | red 1.5 blue 0.7 CUT
   96.5 0.18   4  1.3  1.1  0.9  1.2  1.3 | blue 6.1 azure 3.5
   97.0 0.19   3  1.4  1.0  1.1  1.0  1.5 | blue 9.0 azure 4.3
   97.5 0.19   3  1.3  1.1  1.3  0.9  1.5 | blue 9.7 azure 4.1
   98.0 0.18   3  1.1  1.1  1.4  0.8  1.4 | blue 9.5 azure 4.8
   98.5 0.16   3  0.8  1.1  1.5  0.8  0.9 | blue 9.0 azure 5.7
   99.0 0.13   6  0.5  1.0  1.0  1.0  0.5 | blue 5.6 azure 4.2 CUT
   99.5 0.08  13  0.1  0.6  0.0  1.1  0.0 | azure 1.2 blue 1.1
  100.0 0.10  12  0.0  1.3  0.0  2.5  0.0 | red 1.6 azure 0.7
  100.5 0.15   4  0.3  5.3  0.0 10.6  0.0 | red 6.6 rose 2.1
  101.0 0.17   3  0.5  7.2  0.0 14.4  0.0 | red 8.8 rose 1.8
  101.5 0.17   4  0.5  6.4  0.0 12.7  0.0 | red 8.0 rose 1.2
  102.0 0.11  15  0.1  1.1  0.0  2.2  0.0 | red 1.6
  102.5 0.09  20  0.1  0.0  0.0  0.0  0.0 | 
  103.0 0.08  21  0.1  0.0  0.0  0.1  0.0 | 
  103.5 0.07  22  0.1  0.0  0.0  0.1  0.0 | 
  104.0 0.05  23  0.0  0.0  0.0  0.0  0.0 | 
  104.5 0.05  24  0.0  0.0  0.0  0.0  0.0 | 
  105.0 0.04  26  0.0  0.0  0.0  0.0  0.0 | 
  105.5 0.04  25  0.0  0.0  0.0  0.0  0.0 | 
  106.0 0.05  23  0.1  0.0  0.0  0.0  0.0 | 
  106.5 0.05  23  0.1  0.0  0.0  0.0  0.0 | 
  107.0 0.05  23  0.1  0.0  0.0  0.0  0.0 | 
  107.5 0.05  23  0.1  0.0  0.0  0.0  0.0 | 
  108.0 0.05  23  0.0  0.0  0.0  0.0  0.0 | 
  108.5 0.04  24  0.0  0.0  0.0  0.0  0.0 | 
  109.0 0.04  91  0.0  0.2  0.3  0.0  0.0 | 
  109.5 0.04  87  0.0  0.4  0.7  0.0  0.0 | red 0.5
  110.0 0.04  88  0.0  0.3  0.7  0.0  0.0 | red 0.4
