# span 01: video 110.40-273.07 s (show time = video - 0.036). Columns per 0.5 s: luma(0-1) dark% white% fire% fireUpper% fireLower% whiteUpper% | top saturated hues (% of frame)
# camera cuts (video s): [120.96, 131.4, 131.8, 133.28, 143.56, 144.68, 145.16, 146.08, 147.76, 148.52, 148.96, 149.6, 150.12, 150.84, 151.4, 152.0, 152.76, 153.4, 153.8, 154.32, 154.96, 155.6, 156.32, 160.72, 161.48, 161.96, 162.36, 162.84, 163.76, 164.16, 164.6, 165.04, 165.64, 166.12, 166.52, 166.96, 167.36, 167.8, 168.24, 168.68, 169.08, 170.36, 171.04, 171.44, 171.88, 173.0, 173.52, 174.04, 176.12, 200.4, 218.76, 227.96, 230.44, 236.2, 237.04, 238.52, 238.96, 240.88, 241.44, 241.88, 242.72, 243.32, 249.4, 255.56, 261.76, 266.24, 272.16]
# sudden brightening frames (flash/strobe/fireball candidates, luma +0.05 in 1/25 s): [120.92, 131.32, 131.36, 131.44, 131.52, 143.56, 143.64, 143.72, 144.68, 144.76, 144.88, 145.08, 145.28, 146.08, 146.56, 147.0, 148.52, 148.96, 149.08, 149.6, 150.12, 150.92, 150.96, 151.0, 151.64, 151.72, 151.96, 152.0, 152.64, 153.0, 153.4, 153.76, 153.8, 153.92, 153.96, 154.04, 154.32, 154.36, 155.12, 155.2, 156.32, 156.36, 156.48, 156.52, 160.68, 163.12, 163.76, 163.8, 164.2, 164.24, 164.32, 164.48, 164.56, 164.64, 164.88, 165.12, 165.36, 165.72, 166.2, 166.24, 166.32, 166.44, 166.52, 166.64, 166.72, 166.88, 166.92, 167.0, 167.08, 167.32, 167.4, 167.56, 167.64, 167.72, 167.8, 167.88, 167.96, 168.04, 168.12, 168.2, 168.28, 168.36, 168.44, 168.52, 168.6, 168.68, 168.76, 168.84, 168.92, 169.0, 170.36, 170.76, 171.88, 173.0, 173.6, 173.64, 173.76, 173.88, 236.16, 237.0, 238.2, 238.32, 238.44, 238.48, 238.56, 238.6, 238.72, 238.84, 238.96, 239.0, 239.04, 239.32, 240.88, 241.6, 242.76, 242.92, 249.4]
  110.4 0.04  91  0.0  0.2  0.5  0.0  0.0 | 
  110.9 0.03  94  0.0  0.0  0.1  0.0  0.0 | 
  111.4 0.03  95  0.0  0.0  0.0  0.0  0.0 | 
  111.9 0.03  96  0.0  0.0  0.0  0.0  0.0 | 
  112.4 0.02  98  0.0  0.0  0.0  0.0  0.0 | 
  112.9 0.02 100  0.0  0.0  0.0  0.0  0.0 | 
  113.4 0.02 100  0.0  0.0  0.0  0.0  0.0 | 
  113.9 0.02 100  0.0  0.0  0.0  0.0  0.0 | 
  114.4 0.03  57  0.0  0.0  0.0  0.0  0.0 | 
  114.9 0.04  27  0.0  0.0  0.0  0.0  0.0 | 
  115.4 0.04  26  0.0  0.0  0.0  0.0  0.0 | 
  115.9 0.04  26  0.0  0.0  0.0  0.0  0.0 | 
  116.4 0.04  26  0.0  0.0  0.0  0.0  0.0 | 
  116.9 0.04  27  0.0  0.0  0.0  0.0  0.0 | 
  117.4 0.04  27  0.0  0.0  0.0  0.0  0.0 | 
  117.9 0.04  28  0.0  0.0  0.0  0.0  0.0 | 
  118.4 0.04  29  0.0  0.0  0.0  0.0  0.0 | 
  118.9 0.04  29  0.0  0.0  0.0  0.0  0.0 | 
  119.4 0.04  30  0.0  0.0  0.0  0.0  0.0 | 
  119.9 0.04  31  0.0  0.0  0.0  0.0  0.0 | 
  120.4 0.04  16  0.0  0.2  0.1  0.3  0.0 | 
  120.9 0.05  22  0.0  0.3  0.1  0.5  0.0 |  CUT
  121.4 0.04  23  0.0  0.0  0.0  0.0  0.0 | 
  121.9 0.04  21  0.0  0.0  0.0  0.0  0.0 | 
  122.4 0.04  20  0.0  0.0  0.0  0.0  0.0 | 
  122.9 0.04  21  0.0  0.0  0.0  0.0  0.0 | 
  123.4 0.04  22  0.0  0.0  0.0  0.0  0.0 | 
  123.9 0.04  23  0.0  0.0  0.0  0.0  0.0 | 
  124.4 0.04  25  0.0  0.0  0.0  0.0  0.0 | 
  124.9 0.04  25  0.0  0.0  0.0  0.0  0.0 | 
  125.4 0.03  27  0.0  0.0  0.0  0.0  0.0 | 
  125.9 0.03  28  0.0  0.0  0.0  0.0  0.0 | 
  126.4 0.03  26  0.0  0.0  0.0  0.0  0.0 | 
  126.9 0.04  23  0.0  0.0  0.0  0.0  0.0 | 
  127.4 0.04  25  0.0  0.0  0.0  0.0  0.0 | 
  127.9 0.04  26  0.0  0.0  0.0  0.0  0.0 | 
  128.4 0.04  26  0.0  0.0  0.0  0.0  0.0 | 
  128.9 0.04  26  0.0  0.0  0.0  0.0  0.0 | 
  129.4 0.04  27  0.0  0.0  0.0  0.0  0.0 | 
  129.9 0.04  27  0.0  0.0  0.0  0.0  0.0 | 
  130.4 0.04  28  0.0  0.0  0.0  0.0  0.0 | 
  130.9 0.06  23  0.0  0.1  0.0  0.1  0.0 | azure 0.4
  131.4 0.12   4  0.1  0.0  0.0  0.0  0.1 | azure 0.7 CUT
  131.9 0.04   5  0.0  0.0  0.0  0.0  0.0 | azure 0.5
  132.4 0.04   6  0.0  0.0  0.0  0.0  0.0 | azure 0.4
  132.9 0.07   7  0.2  0.0  0.0  0.0  0.0 | azure 0.5 CUT
  133.4 0.07  15  0.3  0.0  0.0  0.0  0.0 | azure 1.2
  133.9 0.04  29  0.1  0.0  0.0  0.0  0.0 | 
  134.4 0.04  29  0.1  0.0  0.0  0.0  0.0 | 
  134.9 0.04  29  0.1  0.0  0.0  0.0  0.0 | 
  135.4 0.04  29  0.1  0.0  0.0  0.0  0.0 | 
  135.9 0.04  30  0.1  0.0  0.0  0.0  0.0 | 
  136.4 0.04  30  0.1  0.0  0.0  0.0  0.0 | 
  136.9 0.05  29  0.1  0.0  0.0  0.0  0.0 | 
  137.4 0.05  29  0.1  0.0  0.0  0.0  0.0 | 
  137.9 0.05  29  0.1  0.0  0.0  0.0  0.0 | 
  138.4 0.05  29  0.1  0.0  0.0  0.0  0.0 | 
  138.9 0.04  29  0.0  0.0  0.0  0.0  0.0 | 
  139.4 0.01  80  0.0  0.1  0.0  0.1  0.0 | 
  139.9 0.02  77  0.0  0.1  0.0  0.1  0.0 | 
  140.4 0.03  72  0.0  0.1  0.0  0.1  0.0 | 
  140.9 0.03  71  0.0  0.1  0.0  0.1  0.0 | 
  141.4 0.03  70  0.0  0.0  0.0  0.1  0.0 | 
  141.9 0.03  71  0.0  0.0  0.0  0.1  0.0 | 
  142.4 0.02  73  0.0  0.0  0.0  0.1  0.0 | 
  142.9 0.02  77  0.0  0.0  0.0  0.1  0.0 | 
  143.4 0.12  27  0.2  0.0  0.0  0.0  0.1 | azure 1.5 CUT
  143.9 0.08   4  0.0  0.5  0.4  0.7  0.0 | azure 0.8 blue 0.7
  144.4 0.18   1  0.5  0.5  0.4  0.7  0.4 | azure 5.9 blue 1.7 CUT
  144.9 0.19   1  0.5  0.1  0.2  0.1  0.3 | azure 5.5 blue 0.6 CUT
  145.4 0.07  11  0.0  0.7  0.2  1.2  0.0 | azure 0.8 red 0.7
  145.9 0.11  10  0.1  0.7  0.0  1.3  0.0 | azure 1.0 red 0.8 CUT
  146.4 0.07  11  0.1  0.6  0.0  1.1  0.0 | azure 1.9 red 0.7
  146.9 0.09  13  0.1  0.2  0.0  0.4  0.0 | azure 2.2 cyan 0.3
  147.4 0.08  14  0.0  0.2  0.0  0.5  0.0 | azure 0.3 red 0.3 CUT
  147.9 0.12  10  0.0  1.6  0.0  3.3  0.0 | red 2.3
  148.4 0.25   1  0.4 19.3  9.5 29.0  0.4 | red 23.5 rose 0.5 CUT
  148.9 0.14   5  0.2  0.2  0.4  0.0  0.0 | orange 0.4 CUT
  149.4 0.07   5  0.4  0.0  0.0  0.0  0.0 | azure 3.0 cyan 0.4 CUT
  149.9 0.08   9  0.1  1.3  1.1  1.6  0.0 | red 1.2 orange 0.6 CUT
  150.4 0.04  12  0.0  0.1  0.1  0.1  0.0 |  CUT
  150.9 0.24   0  0.7  0.0  0.0  0.0  0.2 | azure 9.2
  151.4 0.11  19  0.1  0.9  0.8  0.9  0.0 | azure 7.4 orange 0.9 CUT
  151.9 0.24  28  1.2  0.0  0.0  0.0  0.5 | azure 12.7 CUT
  152.4 0.16  25  1.5  0.0  0.0  0.0  1.6 | azure 20.8 cyan 0.5 CUT
  152.9 0.12  21  0.7  0.0  0.0  0.0  0.7 | azure 19.5 cyan 0.6
  153.4 0.21  13  5.2  0.3  0.1  0.5  6.1 | azure 23.3 cyan 0.5 CUT
  153.9 0.30  13  1.1  4.1  2.6  5.5  0.3 | azure 11.3 red 5.5 CUT
  154.4 0.37   2  1.8 32.4 18.6 46.3  1.9 | red 31.1 orange 7.4
  154.9 0.15   2  0.3  2.5  3.1  2.0  0.2 | red 2.8 orange 0.5 CUT
  155.4 0.11   7  0.2  0.9  0.6  1.2  0.1 | red 0.8 orange 0.4 CUT
  155.9 0.06  14  0.0  0.0  0.0  0.0  0.0 | azure 1.3 blue 0.4 CUT
  156.4 0.10  14  0.0  0.6  0.0  1.2  0.0 | orange 2.0 yellow 1.4
  156.9 0.04  23  0.0  0.0  0.0  0.0  0.0 | azure 0.8
  157.4 0.04  31  0.0  0.0  0.0  0.0  0.0 | 
  157.9 0.08  16  0.1  0.0  0.0  0.0  0.0 | 
  158.4 0.06  23  0.0  0.0  0.0  0.0  0.0 | 
  158.9 0.06  19  0.0  0.1  0.0  0.3  0.0 | azure 0.4 cyan 0.4
  159.4 0.04  26  0.0  0.5  0.0  1.0  0.0 | red 0.6
  159.9 0.03  27  0.0  0.4  0.0  0.9  0.0 | red 0.5
  160.4 0.09  23  0.1  0.0  0.0  0.0  0.0 |  CUT
  160.9 0.07  16  0.0  0.0  0.0  0.0  0.0 | azure 0.7 blue 0.5
  161.4 0.07  18  0.0  0.0  0.0  0.0  0.0 | blue 0.5 green 0.3 CUT
  161.9 0.07  19  0.0  0.0  0.0  0.0  0.0 | green 0.5 blue 0.4 CUT
  162.4 0.08  14  0.0  0.0  0.0  0.1  0.0 | blue 0.6 spring 0.3 CUT
  162.9 0.11   8  0.2  0.8  0.7  0.8  0.1 | azure 1.5 blue 1.3
  163.4 0.11  20  0.2  0.1  0.1  0.1  0.1 | azure 0.5 CUT
  163.9 0.22   3  0.9  0.0  0.0  0.0  0.0 | azure 2.2 green 1.3 CUT
  164.4 0.18   1  0.4  0.0  0.0  0.0  0.1 | blue 3.3 azure 2.8 CUT
  164.9 0.18   2  0.3  0.4  0.0  0.7  0.1 | blue 3.2 green 1.9 CUT
  165.4 0.16   5  0.0  2.3  1.0  3.5  0.0 | red 2.3 orange 1.2 CUT
  165.9 0.11  11  0.1  0.1  0.2  0.1  0.1 |  CUT
  166.4 0.12  13  0.2  0.0  0.0  0.0  0.1 |  CUT
  166.9 0.10  14  0.2  0.0  0.0  0.0  0.0 | green 1.9 blue 1.8 CUT
  167.4 0.09  17  0.2  0.0  0.0  0.1  0.0 | blue 1.2 green 1.1 CUT
  167.9 0.08  24  0.1  0.0  0.0  0.0  0.0 | green 2.0 blue 1.0 CUT
  168.4 0.16  14  0.1  0.1  0.1  0.1  0.1 | blue 3.4 green 2.3 CUT
  168.9 0.06  37  0.1  0.1  0.1  0.1  0.0 | azure 2.2 blue 1.5 CUT
  169.4 0.04  41  0.0  0.0  0.0  0.0  0.0 | 
  169.9 0.05  38  0.0  0.1  0.0  0.2  0.0 |  CUT
  170.4 0.07  31  0.0  0.0  0.0  0.0  0.1 | blue 0.4 azure 0.4
  170.9 0.07  32  0.0  0.0  0.0  0.0  0.1 | blue 0.6 CUT
  171.4 0.03  51  0.0  0.0  0.0  0.1  0.0 |  CUT
  171.9 0.04  44  0.0  0.0  0.0  0.0  0.0 | azure 0.3
  172.4 0.03  45  0.0  0.0  0.0  0.0  0.0 | 
  172.9 0.23   8  0.0 10.2  2.4 18.0  0.0 | red 10.0 orange 8.0 CUT
  173.4 0.13  15  0.0  3.1  0.9  5.3  0.0 | red 3.1 orange 2.3 CUT
  173.9 0.04  38  0.0  0.0  0.0  0.0  0.0 |  CUT
  174.4 0.03  43  0.0  0.0  0.0  0.0  0.0 | 
  174.9 0.06  17  0.1  0.4  0.3  0.6  0.1 | azure 1.5 blue 0.9
  175.4 0.12   1  0.2  1.9  1.6  2.2  0.2 | azure 3.7 blue 2.8
  175.9 0.07  37  0.1  1.0  0.9  1.2  0.1 | azure 2.0 blue 1.3 CUT
  176.4 0.04  55  0.0  0.2  0.2  0.2  0.0 | azure 1.2 cyan 0.5
  176.9 0.05  49  0.0  0.1  0.2  0.1  0.0 | azure 2.7 cyan 1.6
  177.4 0.05  47  0.0  0.1  0.1  0.0  0.0 | azure 2.5 cyan 1.5
  177.9 0.09  29  0.0  0.2  0.2  0.1  0.1 | azure 2.1 cyan 1.6
  178.4 0.08  31  0.0  0.2  0.2  0.2  0.0 | azure 1.9 cyan 1.1
  178.9 0.04  51  0.0  0.1  0.2  0.1  0.0 | azure 1.0 cyan 0.6
  179.4 0.03  60  0.0  0.2  0.1  0.2  0.0 | azure 0.9 cyan 0.5
  179.9 0.03  61  0.0  0.1  0.1  0.1  0.0 | azure 0.7 cyan 0.5
  180.4 0.03  61  0.0  0.2  0.1  0.2  0.0 | azure 0.6 cyan 0.3
  180.9 0.03  61  0.0  0.1  0.1  0.1  0.0 | azure 0.6 cyan 0.4
  181.4 0.03  61  0.0  0.2  0.2  0.3  0.0 | azure 0.6 cyan 0.4
  181.9 0.03  62  0.0  0.2  0.1  0.3  0.0 | azure 0.5
  182.4 0.03  62  0.1  0.2  0.1  0.3  0.0 | azure 0.4
  182.9 0.03  60  0.1  0.2  0.1  0.3  0.0 | azure 0.4
  183.4 0.02  61  0.0  0.2  0.1  0.3  0.0 | azure 0.4
  183.9 0.02  61  0.0  0.2  0.1  0.3  0.0 | azure 0.5
  184.4 0.02  62  0.0  0.2  0.1  0.3  0.0 | azure 0.4
  184.9 0.02  62  0.0  0.1  0.1  0.2  0.0 | azure 0.5
  185.4 0.02  62  0.0  0.1  0.1  0.2  0.0 | azure 0.5
  185.9 0.02  63  0.0  0.1  0.1  0.2  0.0 | azure 0.5
  186.4 0.02  64  0.0  0.1  0.1  0.2  0.0 | azure 0.5
  186.9 0.02  65  0.0  0.1  0.1  0.1  0.0 | azure 0.5
  187.4 0.02  65  0.0  0.1  0.1  0.2  0.0 | azure 0.4
  187.9 0.04  57  0.0  0.1  0.1  0.1  0.0 | 
  188.4 0.04  56  0.0  0.2  0.1  0.2  0.0 | 
  188.9 0.02  67  0.0  0.1  0.1  0.2  0.0 | 
  189.4 0.01  69  0.0  0.0  0.0  0.1  0.0 | 
  189.9 0.01  68  0.0  0.0  0.1  0.0  0.0 | 
  190.4 0.02  69  0.0  0.1  0.0  0.2  0.0 | azure 0.3
  190.9 0.02  70  0.0  0.2  0.1  0.2  0.0 | azure 0.3
  191.4 0.02  70  0.0  0.1  0.1  0.2  0.0 | azure 0.3
  191.9 0.02  71  0.0  0.1  0.0  0.1  0.0 | azure 0.4
  192.4 0.02  71  0.0  0.1  0.1  0.1  0.0 | azure 0.4
  192.9 0.02  72  0.0  0.1  0.0  0.2  0.0 | azure 0.4
  193.4 0.02  73  0.0  0.1  0.0  0.1  0.0 | azure 0.4
  193.9 0.01  75  0.0  0.1  0.1  0.2  0.0 | azure 0.3
  194.4 0.01  76  0.0  0.1  0.1  0.1  0.0 | 
  194.9 0.02  76  0.0  0.1  0.0  0.1  0.0 | 
  195.4 0.01  76  0.0  0.1  0.0  0.1  0.0 | 
  195.9 0.01  78  0.0  0.0  0.0  0.1  0.0 | 
  196.4 0.01  77  0.0  0.0  0.0  0.0  0.0 | 
  196.9 0.01  78  0.0  0.0  0.0  0.1  0.0 | 
  197.4 0.01  78  0.0  0.1  0.0  0.1  0.0 | 
  197.9 0.01  79  0.0  0.0  0.0  0.1  0.0 | 
  198.4 0.01  79  0.0  0.1  0.0  0.1  0.0 | 
  198.9 0.01  80  0.0  0.1  0.0  0.1  0.0 | 
  199.4 0.02  61  0.0  0.3  0.0  0.5  0.0 | red 0.3
  199.9 0.04  32  0.0  0.1  0.0  0.2  0.0 | 
  200.4 0.03  39  0.0  0.0  0.0  0.0  0.0 |  CUT
  200.9 0.02  38  0.0  0.0  0.0  0.0  0.0 | 
  201.4 0.03  15  0.0  0.0  0.0  0.0  0.0 | azure 9.3 blue 2.1
  201.9 0.03  19  0.0  0.0  0.0  0.0  0.0 | azure 6.1 blue 1.2
  202.4 0.02  35  0.0  0.0  0.0  0.0  0.0 | 
  202.9 0.02  38  0.0  0.0  0.0  0.0  0.0 | 
  203.4 0.02  40  0.0  0.0  0.0  0.0  0.0 | 
  203.9 0.02  40  0.0  0.0  0.0  0.0  0.0 | 
  204.4 0.02  39  0.0  0.0  0.0  0.0  0.0 | 
  204.9 0.02  39  0.0  0.0  0.0  0.0  0.0 | 
  205.4 0.02  39  0.0  0.0  0.0  0.0  0.0 | 
  205.9 0.03  33  0.0  0.0  0.0  0.1  0.0 | azure 1.1
  206.4 0.06  18  0.0  0.3  0.0  0.5  0.0 | azure 3.0 blue 0.9
  206.9 0.08  16  0.0  0.3  0.0  0.6  0.0 | azure 3.4 cyan 2.2
  207.4 0.09  16  0.0  0.3  0.0  0.6  0.0 | cyan 3.2 azure 2.0
  207.9 0.10  11  0.0  0.3  0.0  0.6  0.0 | azure 4.0 cyan 3.8
  208.4 0.12   7  0.1  0.3  0.0  0.5  0.0 | azure 5.1 cyan 3.9
  208.9 0.12   6  0.1  0.2  0.0  0.5  0.0 | azure 5.7 cyan 4.2
  209.4 0.14   4  0.0  0.3  0.0  0.5  0.0 | cyan 6.5 azure 4.0
  209.9 0.15   4  0.0  0.2  0.0  0.5  0.0 | cyan 10.2 azure 3.8
  210.4 0.14   4  0.0  0.2  0.0  0.4  0.0 | cyan 6.8 azure 3.6
  210.9 0.12   6  0.0  0.2  0.0  0.5  0.0 | cyan 6.7 azure 3.4
  211.4 0.12   9  0.0  0.3  0.0  0.6  0.0 | cyan 5.7 spring 2.9
  211.9 0.13   9  0.0  0.2  0.0  0.5  0.0 | cyan 9.7 azure 3.7
  212.4 0.11  17  0.0  0.3  0.0  0.5  0.0 | cyan 6.5 azure 2.1
  212.9 0.09  19  0.0  0.3  0.0  0.5  0.0 | cyan 6.9 azure 2.3
  213.4 0.10  21  0.0  0.3  0.0  0.6  0.0 | cyan 5.7 spring 2.3
  213.9 0.10  21  0.0  0.3  0.0  0.6  0.0 | cyan 6.7 azure 2.2
  214.4 0.09  21  0.0  0.3  0.0  0.6  0.0 | cyan 3.3 azure 2.1
  214.9 0.07  22  0.0  0.3  0.0  0.6  0.0 | azure 2.0 cyan 1.4
  215.4 0.07  22  0.0  0.3  0.0  0.6  0.0 | azure 2.3 cyan 1.3
  215.9 0.06  22  0.0  0.3  0.0  0.7  0.0 | azure 1.2 cyan 0.8
  216.4 0.06  22  0.1  0.3  0.0  0.7  0.0 | azure 1.0 cyan 0.7
  216.9 0.05  22  0.0  0.4  0.0  0.7  0.0 | azure 0.9 cyan 0.7
  217.4 0.05  22  0.0  0.4  0.0  0.8  0.0 | azure 1.0 cyan 0.6
  217.9 0.04  23  0.0  0.3  0.0  0.6  0.0 | azure 0.6 red 0.4
  218.4 0.06  18  0.0  0.4  0.0  0.7  0.0 | azure 3.7 blue 0.8 CUT
  218.9 0.07  43  0.0  0.2  0.0  0.4  0.0 | 
  219.4 0.05  53  0.0  0.2  0.0  0.3  0.0 | 
  219.9 0.04  53  0.0  0.2  0.0  0.3  0.0 | 
  220.4 0.05  52  0.0  0.2  0.0  0.3  0.0 | 
  220.9 0.05  50  0.0  0.1  0.0  0.2  0.0 | 
  221.4 0.06  47  0.0  0.1  0.0  0.2  0.1 | 
  221.9 0.07  42  0.1  0.1  0.0  0.2  0.3 | 
  222.4 0.08  38  0.2  0.2  0.0  0.3  0.5 | 
  222.9 0.09  34  0.4  0.1  0.0  0.2  0.7 | 
  223.4 0.10  33  0.4  0.1  0.0  0.2  0.8 | 
  223.9 0.10  31  0.4  0.1  0.0  0.2  0.9 | 
  224.4 0.11  30  0.5  0.1  0.0  0.2  1.0 | 
  224.9 0.12  29  0.6  0.1  0.0  0.2  1.3 | 
  225.4 0.12  28  0.7  0.1  0.0  0.2  1.4 | 
  225.9 0.12  27  0.8  0.1  0.0  0.2  1.6 | azure 0.3
  226.4 0.12  27  0.9  0.1  0.0  0.2  1.7 | 
  226.9 0.13  27  0.9  0.1  0.0  0.2  1.7 | 
  227.4 0.13  26  1.0  0.1  0.0  0.2  1.9 | 
  227.9 0.11  38  0.3  0.7  0.0  1.3  0.5 | azure 1.8 red 0.6 CUT
  228.4 0.10  38  0.1  0.9  0.0  1.8  0.3 | azure 2.0 red 0.8
  228.9 0.09  43  0.1  0.8  0.2  1.4  0.2 | red 0.7 azure 0.7
  229.4 0.09  44  0.1  1.0  0.6  1.5  0.2 | red 1.1 azure 0.9
  229.9 0.07  50  0.1  0.5  0.5  0.5  0.2 | azure 0.9 red 0.6
  230.4 0.07  22  0.1  0.1  0.0  0.3  0.1 |  CUT
  230.9 0.08  17  0.1  0.6  0.0  1.2  0.1 | red 0.7
  231.4 0.10  11  0.1  1.1  0.0  2.1  0.0 | red 1.3 azure 0.3
  231.9 0.07  16  0.0  0.9  0.0  1.8  0.0 | red 1.1 azure 0.4
  232.4 0.05  21  0.0  0.5  0.0  1.0  0.0 | red 0.7 azure 0.6
  232.9 0.04  21  0.0  0.8  0.0  1.5  0.0 | red 0.9 azure 0.6
  233.4 0.04  22  0.0  0.7  0.0  1.5  0.0 | red 0.9 azure 0.7
  233.9 0.03  23  0.0  0.4  0.0  0.9  0.0 | red 0.6 azure 0.6
  234.4 0.04  22  0.0  0.7  0.0  1.4  0.0 | red 0.9 azure 0.5
  234.9 0.04  21  0.0  0.7  0.0  1.4  0.0 | red 0.9 azure 0.5
  235.4 0.04  21  0.0  0.5  0.0  1.0  0.0 | red 0.6 azure 0.6
  235.9 0.08  16  0.1  0.8  0.0  1.5  0.0 | red 0.9 azure 0.5 CUT
  236.4 0.04  23  0.0  0.4  0.0  0.7  0.0 | red 0.5 azure 0.4
  236.9 0.06  22  0.1  0.2  0.0  0.4  0.0 | azure 1.4 cyan 0.4 CUT
  237.4 0.04  23  0.0  0.3  0.0  0.6  0.0 | azure 0.5 red 0.3
  237.9 0.08  12  0.5  0.3  0.0  0.6  0.0 | azure 2.6 red 0.3
  238.4 0.30   5  3.7  0.2  0.0  0.4  0.7 | azure 10.7 cyan 3.1 CUT
  238.9 0.40   2  6.3  0.2  0.0  0.3  0.6 | azure 12.6 cyan 5.9 CUT
  239.4 0.16   5  0.7  0.6  0.0  1.2  0.1 | azure 4.7 red 0.8
  239.9 0.06  19  0.0  0.9  0.0  1.9  0.0 | red 1.1 azure 0.7
  240.4 0.05  19  0.0  1.0  0.1  1.9  0.0 | red 1.1 azure 0.8 CUT
  240.9 0.08   4  0.1  1.3  0.9  1.7  0.1 | azure 3.0 blue 2.1
  241.4 0.12   4  0.2  1.3  1.1  1.5  0.1 | azure 2.1 blue 2.0 CUT
  241.9 0.04  14  0.0  0.4  0.2  0.7  0.0 | azure 1.3 blue 0.6
  242.4 0.09   8  0.1  0.7  0.4  1.1  0.1 | azure 3.4 blue 1.3 CUT
  242.9 0.23  16  0.7  0.0  0.0  0.0  0.5 | azure 12.9 blue 0.6 CUT
  243.4 0.01  95  0.0  0.0  0.0  0.0  0.0 | 
  243.9 0.02  87  0.2  0.0  0.0  0.1  0.0 | 
  244.4 0.03  80  0.3  0.0  0.0  0.0  0.0 | 
  244.9 0.04  76  0.3  0.0  0.0  0.1  0.0 | 
  245.4 0.05  71  0.5  0.0  0.0  0.1  0.0 | 
  245.9 0.06  66  0.7  0.0  0.0  0.0  0.0 | 
  246.4 0.05  69  0.6  0.0  0.0  0.0  0.1 | 
  246.9 0.06  69  0.6  0.0  0.0  0.1  0.1 | 
  247.4 0.07  67  0.6  0.0  0.0  0.0  0.1 | 
  247.9 0.06  70  0.6  0.0  0.0  0.0  0.0 | 
  248.4 0.07  66  0.8  0.0  0.0  0.0  0.1 | 
  248.9 0.08  60  1.0  0.0  0.0  0.0  0.2 | 
  249.4 0.14  23  1.0  0.3  0.1  0.5  1.9 | azure 0.6 red 0.5 CUT
  249.9 0.10  41  0.5  0.2  0.0  0.4  0.9 | azure 0.6 red 0.3
  250.4 0.09  47  0.3  0.2  0.0  0.4  0.7 | azure 0.6
  250.9 0.09  44  0.3  0.2  0.0  0.5  0.6 | azure 0.8 red 0.3
  251.4 0.06  55  0.1  0.3  0.0  0.5  0.3 | azure 0.6 red 0.3
  251.9 0.04  64  0.0  0.3  0.0  0.5  0.0 | azure 0.6 red 0.3
  252.4 0.04  62  0.0  0.3  0.1  0.5  0.0 | azure 0.6 red 0.4
  252.9 0.14  41  0.5  0.3  0.1  0.5  1.0 | azure 0.4 red 0.4
  253.4 0.30  10  4.3  0.4  0.1  0.7  8.3 | yellow 2.9 red 0.4
  253.9 0.31   6  3.9  0.4  0.1  0.6  7.8 | yellow 2.5 red 0.5
  254.4 0.29   9  2.2  0.3  0.1  0.6  4.5 | cyan 1.3 chartreuse 0.5
  254.9 0.18  24  0.5  0.3  0.1  0.5  1.0 | green 1.0 red 0.4
  255.4 0.07  35  0.1  0.4  0.0  0.8  0.0 | orange 0.4 CUT
  255.9 0.14   9  0.4  0.9  0.0  1.9  0.2 | orange 1.0 red 0.3
  256.4 0.17   5  0.4  0.6  0.0  1.2  0.4 | orange 0.7 yellow 0.4
  256.9 0.18   4  0.5  0.3  0.0  0.7  0.5 | orange 0.5 yellow 0.4
  257.4 0.19   3  0.6  0.5  0.0  1.0  0.6 | orange 0.4 red 0.4
  257.9 0.19   5  0.8  0.2  0.0  0.4  0.7 | 
  258.4 0.19   7  1.0  0.1  0.0  0.2  1.0 | 
  258.9 0.18   9  1.2  0.3  0.0  0.5  1.5 | red 0.4
  259.4 0.19  10  1.4  0.2  0.0  0.3  1.5 | 
  259.9 0.19  10  1.7  0.1  0.0  0.2  1.7 | 
  260.4 0.20   9  1.8  0.3  0.0  0.5  1.8 | green 0.3 red 0.3
  260.9 0.20   7  1.7  0.3  0.0  0.5  1.7 | azure 0.7 red 0.3
  261.4 0.19  25  1.7  0.2  0.0  0.4  1.3 | orange 0.3 CUT
  261.9 0.17  59  2.0  0.9  0.0  1.8  0.9 | orange 1.4 cyan 0.6
  262.4 0.18  57  1.9  1.7  0.0  3.5  0.7 | orange 2.0 red 0.7
  262.9 0.19  53  2.1  1.9  0.0  3.8  0.6 | orange 2.2 red 0.7
  263.4 0.11  61  0.8  1.4  0.0  2.9  0.7 | red 1.1 orange 0.9
  263.9 0.03  88  0.2  0.2  0.0  0.4  0.4 | 
  264.4 0.01  89  0.0  0.0  0.0  0.1  0.0 | 
  264.9 0.11  62  1.0  0.1  0.0  0.1  0.0 | orange 0.3
  265.4 0.18  54  3.1  0.0  0.0  0.0  0.1 | 
  265.9 0.19  46  3.2  0.0  0.0  0.1  3.2 |  CUT
  266.4 0.21  26  5.2  0.1  0.0  0.2 10.3 | 
  266.9 0.20  23  3.5  0.1  0.0  0.2  7.0 | 
  267.4 0.16  28  0.7  0.1  0.0  0.2  1.4 | green 0.4
  267.9 0.15  31  0.2  0.1  0.0  0.2  0.4 | cyan 0.9
  268.4 0.18  27  0.2  0.1  0.0  0.2  0.5 | cyan 0.8 spring 0.6
  268.9 0.10  42  0.0  0.1  0.0  0.2  0.0 | cyan 1.1 azure 0.4
  269.4 0.04  56  0.0  0.1  0.0  0.1  0.0 | azure 0.7
  269.9 0.04  58  0.0  0.1  0.0  0.1  0.0 | azure 0.3
  270.4 0.03  59  0.0  0.1  0.0  0.1  0.0 | 
  270.9 0.04  57  0.0  0.1  0.0  0.1  0.0 | green 0.4
  271.4 0.06  52  0.0  0.1  0.0  0.1  0.0 | green 1.0
  271.9 0.04  54  0.0  0.1  0.0  0.2  0.0 | green 0.3 CUT
  272.4 0.03  58  0.0  0.1  0.0  0.1  0.0 | 
  272.9 0.04  56  0.0  0.1  0.1  0.1  0.0 | azure 0.7
