# span 02: video 273.07-415.42 s (show time = video - 0.036). Columns per 0.5 s: luma(0-1) dark% white% fire% fireUpper% fireLower% whiteUpper% | top saturated hues (% of frame)
# camera cuts (video s): [274.6, 277.44, 279.04, 280.68, 282.24, 283.84, 285.28, 288.48, 290.08, 307.36, 308.4, 311.44, 313.24, 314.08, 315.72, 316.36, 324.12, 326.92, 330.16, 331.24, 334.56, 336.32, 337.88, 338.64, 340.36, 341.16, 347.2, 351.2, 357.88, 363.96, 367.12, 377.4, 396.8, 399.56, 403.04, 403.48, 403.92, 406.2, 408.36, 409.0, 412.16, 413.52, 414.84]
# sudden brightening frames (flash/strobe/fireball candidates, luma +0.05 in 1/25 s): [274.6, 283.88, 283.92, 288.52, 307.36, 307.56, 313.24, 313.36, 314.08, 315.72, 331.28, 335.48, 335.68, 337.88, 338.64, 338.76, 338.84, 338.92, 340.36, 349.52, 357.88, 367.12, 367.16, 403.04, 403.32, 403.4, 403.64, 403.88, 404.04, 408.36, 409.0, 409.04, 413.56, 413.6, 415.36]
  273.1 0.04  55  0.0  0.1  0.0  0.1  0.0 | azure 0.9
  273.6 0.04  54  0.0  0.1  0.0  0.1  0.0 | azure 1.7
  274.1 0.06  46  0.3  0.0  0.0  0.1  0.5 | azure 2.6 blue 0.5
  274.6 0.15   5  0.8  2.0  0.1  3.9  0.0 | red 2.5 blue 2.4 CUT
  275.1 0.05  19  0.2  0.8  0.0  1.7  0.0 | azure 2.4 blue 1.6
  275.6 0.07  11  0.3  1.7  0.1  3.3  0.0 | red 2.0 blue 1.9
  276.1 0.08   8  0.3  1.9  0.2  3.6  0.1 | blue 2.2 red 2.2
  276.6 0.04  19  0.2  0.8  0.0  1.6  0.0 | azure 2.5 blue 1.5
  277.1 0.07  12  0.3  1.5  0.1  3.0  0.0 | blue 2.0 red 1.8 CUT
  277.6 0.08   7  0.3  1.8  0.2  3.4  0.1 | blue 2.1 red 2.0
  278.1 0.04  19  0.2  0.8  0.0  1.6  0.0 | azure 2.1 blue 1.6
  278.6 0.05  16  0.2  1.0  0.0  1.9  0.0 | blue 1.8 azure 1.6 CUT
  279.1 0.08   6  0.2  1.8  0.2  3.5  0.1 | red 2.0 blue 2.0
  279.6 0.03  20  0.0  0.9  0.0  1.8  0.0 | azure 1.9 blue 1.5
  280.1 0.05  11  0.1  1.2  0.0  2.4  0.0 | blue 2.2 red 1.4
  280.6 0.15   0  0.3  6.5  1.5 11.4  0.0 | violet 9.1 magenta 6.2 CUT
  281.1 0.10   3  0.1  1.5  1.0  2.0  0.0 | blue 10.2 violet 5.9
  281.6 0.09   3  0.1  1.4  1.0  1.8  0.0 | blue 10.2 violet 5.7
  282.1 0.16   1  0.3  4.8  1.7  7.9  0.0 | violet 9.4 blue 6.1 CUT
  282.6 0.12   1  0.3  1.7  1.1  2.3  0.1 | blue 9.3 violet 6.5
  283.1 0.11   2  0.4  1.1  1.0  1.3  0.0 | blue 10.4 violet 5.2
  283.6 0.18   1  0.8  8.1  2.2 14.0  0.0 | violet 7.6 red 7.4 CUT
  284.1 0.16   0  1.0  3.0  1.5  4.6  0.1 | blue 8.7 violet 6.9
  284.6 0.16   0  0.9  1.1  1.1  1.2  0.0 | blue 10.1 violet 5.3
  285.1 0.21   0  1.1  5.7  1.6  9.7  0.0 | violet 8.2 red 5.7 CUT
  285.6 0.14   0  1.2  1.2  1.2  1.2  0.1 | blue 9.1 violet 5.9
  286.1 0.12   0  0.9  1.1  1.1  1.1  0.2 | blue 9.6 violet 5.3
  286.6 0.15   0  0.7  3.1  1.6  4.6  0.2 | violet 7.1 blue 6.8
  287.1 0.11   1  0.6  1.4  1.3  1.6  0.3 | blue 8.7 violet 5.0
  287.6 0.10   1  0.5  1.4  1.3  1.5  0.3 | blue 8.1 violet 4.9
  288.1 0.13   1  0.5  4.1  1.6  6.7  0.3 | blue 6.5 violet 5.8 CUT
  288.6 0.14   1  0.5  5.1  1.8  8.4  0.3 | violet 6.3 magenta 5.1
  289.1 0.09   3  0.2  1.4  1.2  1.6  0.3 | blue 7.2 violet 4.8
  289.6 0.14   0  0.4  3.7  1.7  5.6  0.2 | violet 6.5 rose 5.0
  290.1 0.05  16  0.1  0.9  0.0  1.8  0.0 | red 1.0 blue 1.0 CUT
  290.6 0.03  22  0.0  0.6  0.0  1.2  0.0 | blue 1.0 azure 0.7
  291.1 0.03  22  0.0  0.6  0.0  1.2  0.0 | blue 1.0 red 0.7
  291.6 0.06   7  0.1  1.2  0.0  2.3  0.0 | red 1.4 blue 1.1
  292.1 0.06  10  0.1  0.9  0.0  1.9  0.0 | red 1.2 blue 0.8
  292.6 0.07   9  0.1  2.1  0.0  4.2  0.0 | red 3.0 rose 0.4
  293.1 0.02  27  0.0  0.3  0.0  0.5  0.0 | azure 0.4
  293.6 0.02  26  0.0  0.3  0.0  0.6  0.0 | azure 1.0 red 0.3
  294.1 0.02  27  0.0  0.2  0.0  0.4  0.0 | azure 0.5 red 0.3
  294.6 0.02  28  0.0  0.2  0.0  0.5  0.0 | azure 0.3
  295.1 0.02  26  0.0  0.3  0.0  0.5  0.0 | azure 1.0 red 0.3
  295.6 0.03  25  0.0  0.3  0.0  0.5  0.0 | azure 0.5 red 0.3
  296.1 0.04  23  0.0  0.3  0.0  0.6  0.0 | red 0.4 azure 0.4
  296.6 0.02  26  0.0  0.3  0.0  0.7  0.0 | azure 0.8 red 0.4
  297.1 0.02  27  0.0  0.3  0.0  0.5  0.0 | azure 0.7 red 0.4
  297.6 0.02  28  0.0  0.3  0.0  0.6  0.0 | azure 0.4 red 0.3
  298.1 0.02  27  0.0  0.3  0.0  0.6  0.0 | azure 0.8 red 0.4
  298.6 0.03  24  0.0  0.3  0.0  0.6  0.0 | azure 0.8 red 0.4
  299.1 0.04  23  0.0  0.3  0.0  0.6  0.0 | red 0.4 azure 0.4
  299.6 0.02  29  0.0  0.2  0.0  0.3  0.0 | azure 0.4
  300.1 0.02  27  0.0  0.2  0.0  0.4  0.0 | azure 0.9 blue 0.3
  300.6 0.03  20  0.0  0.1  0.0  0.2  0.0 | violet 1.0
  301.1 0.03  25  0.0  0.2  0.0  0.4  0.0 | violet 2.5 blue 1.3
  301.6 0.03  17  0.0  0.2  0.0  0.4  0.0 | blue 2.5 violet 1.4
  302.1 0.05  17  0.0  0.1  0.0  0.2  0.0 | blue 3.4 violet 1.4
  302.6 0.04  16  0.0  0.1  0.0  0.2  0.0 | blue 5.7 violet 0.5
  303.1 0.04  12  0.0  0.2  0.0  0.4  0.0 | blue 7.5 azure 0.5
  303.6 0.04  13  0.0  0.3  0.0  0.7  0.0 | blue 7.2 azure 0.9
  304.1 0.03  20  0.0  0.3  0.0  0.7  0.0 | blue 3.3 azure 1.6
  304.6 0.03  23  0.0  0.3  0.0  0.6  0.0 | azure 1.6 blue 1.2
  305.1 0.03  20  0.0  0.4  0.1  0.7  0.0 | blue 1.9 azure 1.3
  305.6 0.09   4  0.2  1.5  1.3  1.6  0.2 | azure 3.9 blue 3.2
  306.1 0.10   4  0.2  1.4  1.4  1.4  0.2 | azure 4.4 blue 3.2
  306.6 0.10   3  0.2  1.4  1.3  1.4  0.2 | azure 4.5 blue 3.2
  307.1 0.16   0  0.7  1.0  1.1  0.9  0.3 | azure 5.9 blue 2.4 CUT
  307.6 0.20   0  0.8  0.5  0.8  0.3  0.7 | azure 6.6 blue 2.1
  308.1 0.09   5  0.3  1.1  0.9  1.4  0.2 | azure 4.1 blue 4.1 CUT
  308.6 0.04  17  0.0  0.7  0.0  1.4  0.0 | azure 1.6 red 0.8
  309.1 0.03  25  0.0  0.5  0.0  1.1  0.0 | azure 0.8 red 0.6
  309.6 0.03  24  0.0  0.8  0.0  1.6  0.0 | red 0.9 azure 0.9
  310.1 0.03  24  0.0  0.6  0.0  1.3  0.0 | azure 0.9 red 0.7
  310.6 0.03  24  0.0  0.6  0.0  1.2  0.0 | azure 1.1 red 0.7
  311.1 0.04  32  0.0  0.6  0.0  1.2  0.0 | azure 1.7 red 0.7 CUT
  311.6 0.04  56  0.0  0.1  0.1  0.2  0.0 | azure 1.1
  312.1 0.04  55  0.0  0.4  0.4  0.3  0.0 | azure 0.9 red 0.4
  312.6 0.04  58  0.0  0.2  0.1  0.2  0.0 | azure 0.8
  313.1 0.10  20  0.4 10.8  6.8 14.8  0.7 | red 10.9 rose 3.6 CUT
  313.6 0.11  14  0.5 11.5 11.7 11.4  1.0 | red 9.4 rose 6.8
  314.1 0.13  15  1.5 11.6 10.6 12.6  2.9 | rose 9.6 red 7.4 CUT
  314.6 0.06  43  0.3  1.5  1.9  1.1  0.5 | rose 2.3 red 0.5
  315.1 0.05  48  0.1  0.2  0.1  0.3  0.0 | azure 1.0
  315.6 0.09  31  0.4  0.1  0.1  0.2  0.0 | azure 1.1 CUT
  316.1 0.08  24  0.2  0.4  0.0  0.8  0.1 | azure 0.9 red 0.5 CUT
  316.6 0.04  23  0.0  0.5  0.0  1.0  0.0 | azure 1.0 red 0.6
  317.1 0.02  33  0.0  0.0  0.0  0.1  0.0 | 
  317.6 0.03  24  0.0  0.4  0.0  0.7  0.0 | blue 2.3 azure 1.1
  318.1 0.03  26  0.0  0.3  0.0  0.5  0.0 | blue 2.4 azure 0.7
  318.6 0.03  26  0.0  0.2  0.0  0.4  0.0 | blue 2.7 azure 1.9
  319.1 0.03  15  0.0  0.2  0.0  0.3  0.0 | blue 2.3 azure 0.8
  319.6 0.03  19  0.0  0.2  0.0  0.3  0.0 | blue 1.8 violet 0.8
  320.1 0.02  19  0.0  0.2  0.0  0.4  0.0 | azure 1.7 blue 1.0
  320.6 0.03  28  0.0  0.2  0.0  0.4  0.0 | 
  321.1 0.02  51  0.0  0.1  0.0  0.2  0.0 | blue 0.4
  321.6 0.02  51  0.0  0.1  0.1  0.2  0.0 | blue 0.4
  322.1 0.02  51  0.0  0.2  0.1  0.3  0.0 | 
  322.6 0.02  51  0.0  0.1  0.0  0.2  0.0 | blue 0.4
  323.1 0.02  51  0.0  0.1  0.1  0.2  0.0 | blue 0.3
  323.6 0.02  51  0.0  0.5  0.4  0.6  0.0 | rose 0.5 red 0.4
  324.1 0.11   8  0.2 13.3  0.8 25.8  0.0 | rose 11.2 red 7.0 CUT
  324.6 0.18   1  0.8 24.8  1.6 48.0  0.0 | rose 17.6 red 14.8
  325.1 0.20   1  0.6 28.2  1.8 54.5  0.0 | rose 19.4 red 17.2
  325.6 0.24   0  1.6 35.1  7.2 63.1  0.0 | rose 24.4 red 21.4
  326.1 0.26   0  2.3 38.3 11.0 65.7  0.0 | rose 30.1 red 21.9
  326.6 0.16   3  0.7 19.1  4.1 34.1  0.0 | rose 16.6 red 10.4 CUT
  327.1 0.08  29  0.9  1.9  2.0  1.8  1.8 | rose 4.1 magenta 0.8
  327.6 0.11  24  1.3  5.0  8.2  1.9  2.7 | rose 8.8 red 2.7
  328.1 0.09  25  0.4  5.8  6.8  4.8  0.8 | rose 4.6 red 4.5
  328.6 0.06  42  0.3  2.4  3.6  1.1  0.6 | rose 2.9 red 1.0
  329.1 0.07  43  0.3  1.2  2.0  0.3  0.6 | rose 4.3 magenta 1.6
  329.6 0.05  52  0.1  0.3  0.2  0.3  0.1 | rose 2.2 magenta 1.4
  330.1 0.04  25  0.0  0.5  0.0  1.1  0.0 | azure 1.3 blue 0.8 CUT
  330.6 0.04  21  0.0  0.7  0.0  1.3  0.0 | azure 1.2 red 0.8
  331.1 0.06  14  0.0  0.6  0.0  1.2  0.0 | azure 1.7 red 0.7 CUT
  331.6 0.04  23  0.0  0.3  0.0  0.5  0.0 | azure 1.4
  332.1 0.04  22  0.0  0.8  0.0  1.5  0.0 | azure 1.3 red 0.9
  332.6 0.04  19  0.0  0.3  0.0  0.6  0.0 | azure 0.9 red 0.3
  333.1 0.07   8  0.2  0.6  0.0  1.2  0.0 | azure 1.2 red 0.8
  333.6 0.06  17  0.1  0.8  0.0  1.7  0.0 | azure 2.3 red 1.1
  334.1 0.06  17  0.0  1.3  0.1  2.4  0.0 | azure 1.3 red 1.2 CUT
  334.6 0.07  21  0.1  1.6  1.5  1.8  0.2 | red 1.4 rose 1.2
  335.1 0.12  29  2.6 10.8 15.1  6.5  5.2 | rose 8.9 red 7.0
  335.6 0.13  23  2.0  8.8 12.3  5.2  3.9 | rose 9.4 red 6.1
  336.1 0.13  18  1.4 13.2  8.7 17.8  2.7 | red 12.6 rose 6.5 CUT
  336.6 0.03  71  0.0  0.4  0.2  0.7  0.1 | azure 1.5 red 0.5
  337.1 0.03  72  0.0  0.2  0.1  0.4  0.1 | azure 1.7
  337.6 0.06  45  0.1  0.6  0.4  0.7  0.1 | azure 3.9 blue 1.6 CUT
  338.1 0.08   9  0.1  1.2  1.0  1.5  0.1 | azure 4.6 blue 3.3
  338.6 0.19   6  0.8  0.2  0.2  0.3  0.4 | azure 4.1 blue 0.3 CUT
  339.1 0.12   7  0.4  1.5  1.3  1.7  0.3 | azure 5.8 blue 2.4
  339.6 0.10   9  0.3  1.5  1.3  1.7  0.3 | azure 4.2 blue 1.9
  340.1 0.14   6  0.4  2.0  1.5  2.5  0.3 | azure 4.7 blue 2.1 CUT
  340.6 0.18   3  0.5  2.3  1.9  2.8  0.6 | azure 4.4 red 2.3
  341.1 0.06  52  0.3  0.8  0.8  0.7  0.5 | rose 2.3 azure 1.2 CUT
  341.6 0.07  42  0.5  2.7  3.5  1.9  0.8 | rose 6.8 magenta 2.1
  342.1 0.05  48  0.1  1.9  1.8  1.9  0.2 | rose 3.0 magenta 0.9
  342.6 0.04  58  0.0  0.2  0.0  0.3  0.0 | azure 1.6
  343.1 0.03  60  0.0  0.2  0.0  0.3  0.0 | azure 0.9
  343.6 0.03  64  0.0  0.2  0.0  0.3  0.0 | azure 0.9
  344.1 0.02  67  0.0  0.2  0.0  0.3  0.0 | azure 1.0
  344.6 0.02  66  0.0  0.1  0.0  0.3  0.0 | azure 1.0
  345.1 0.02  65  0.0  0.1  0.0  0.2  0.0 | azure 1.0
  345.6 0.03  61  0.0  0.1  0.0  0.2  0.0 | azure 1.2
  346.1 0.03  53  0.0  0.4  0.1  0.7  0.0 | azure 0.8 red 0.6
  346.6 0.04  50  0.0  0.6  0.1  1.1  0.0 | red 1.0 azure 0.7
  347.1 0.05  39  0.0  3.9  2.0  5.8  0.0 | red 4.3 rose 0.8 CUT
  347.6 0.05  13  0.0  2.4  1.5  3.4  0.0 | rose 2.3 red 1.9
  348.1 0.06   0  0.0  1.2  0.8  1.5  0.0 | azure 3.5 rose 2.8
  348.6 0.13   0  0.0  6.6  5.8  7.5  0.0 | rose 14.1 azure 4.7
  349.1 0.20   0  0.0  3.3  2.5  4.0  0.0 | rose 13.7 azure 9.3
  349.6 0.28   0  0.0  0.2  0.1  0.3  0.0 | azure 17.3 magenta 6.5
  350.1 0.21   1  0.1  1.3  1.4  1.3  0.1 | azure 12.0 rose 3.7
  350.6 0.23   0  0.0  0.4  0.3  0.6  0.1 | azure 19.2 cyan 2.9
  351.1 0.09   1  0.0  0.0  0.0  0.0  0.0 | azure 12.3 cyan 5.2 CUT
  351.6 0.08   0  0.1  0.0  0.0  0.0  0.2 | azure 13.5 cyan 2.3
  352.1 0.10   0  0.2  0.0  0.0  0.0  0.5 | azure 14.8 cyan 3.4
  352.6 0.11   0  0.2  0.0  0.0  0.0  0.3 | azure 20.3 cyan 3.4
  353.1 0.13   0  0.1  0.0  0.0  0.0  0.1 | azure 18.9 cyan 4.0
  353.6 0.10   0  0.0  0.0  0.0  0.0  0.1 | azure 18.9 cyan 4.8
  354.1 0.08   0  0.1  0.0  0.0  0.0  0.1 | azure 11.3 cyan 5.3
  354.6 0.05   2  0.0  0.1  0.0  0.2  0.0 | azure 6.0 cyan 2.8
  355.1 0.07  10  0.0  0.5  0.0  1.0  0.0 | azure 20.0 blue 2.5
  355.6 0.09  14  0.0  1.3  1.8  0.9  0.0 | azure 18.6 blue 4.0
  356.1 0.07  16  0.0  1.8  3.0  0.6  0.0 | azure 12.6 blue 3.4
  356.6 0.07   0  0.1  0.3  0.6  0.1  0.2 | azure 9.1 cyan 2.7
  357.1 0.06   0  0.1  0.0  0.0  0.0  0.2 | azure 6.3 cyan 2.9
  357.6 0.19   0  1.6  0.1  0.1  0.0  2.4 | cyan 18.3 azure 9.7 CUT
  358.1 0.40   0  4.5  0.3  0.5  0.0  7.5 | cyan 41.5 azure 15.4
  358.6 0.44   0  5.6  0.2  0.4  0.0  8.9 | cyan 40.0 azure 16.4
  359.1 0.52   0  9.3  0.0  0.0  0.0 12.6 | cyan 38.8 azure 13.9
  359.6 0.55   0 10.5  0.0  0.0  0.0 13.1 | cyan 32.3 azure 12.3
  360.1 0.55   0 11.0  0.0  0.0  0.0 12.5 | cyan 22.4 azure 11.7
  360.6 0.50   0  8.7  0.0  0.0  0.0  7.8 | cyan 27.6 azure 11.9
  361.1 0.38   0  3.9  0.8  1.3  0.2  3.1 | cyan 28.8 azure 5.7
  361.6 0.33   0  3.5  5.4  5.1  5.8  4.5 | cyan 16.5 rose 9.8
  362.1 0.35   0  4.7  6.1  6.3  5.9  6.3 | cyan 12.7 rose 9.5
  362.6 0.41   0  6.2  2.1  2.8  1.4  5.8 | cyan 20.2 rose 6.7
  363.1 0.41   0  5.3  1.5  2.2  0.9  3.7 | cyan 23.5 azure 8.9
  363.6 0.28   1  2.8  1.7  2.5  0.9  2.7 | azure 9.2 cyan 7.2 CUT
  364.1 0.03   4  0.2  0.1  0.0  0.2  0.0 | azure 2.5
  364.6 0.04  11  0.2  0.5  0.9  0.1  0.0 | azure 2.1 red 0.5
  365.1 0.06   9  0.2  1.6  3.0  0.1  0.1 | azure 2.3 red 1.8
  365.6 0.03  12  0.1  0.9  1.6  0.2  0.0 | azure 2.4 red 0.8
  366.1 0.03  17  0.1  0.5  0.8  0.1  0.0 | azure 2.4 red 0.4
  366.6 0.02  21  0.1  0.3  0.4  0.1  0.0 | azure 3.2
  367.1 0.25   1  1.6  4.9  6.9  2.9  2.7 | red 3.8 rose 3.4 CUT
  367.6 0.23   0  0.8  4.6  9.0  0.2  1.4 | cyan 8.6 rose 4.0
  368.1 0.28   0  1.8  4.6  8.7  0.5  3.1 | cyan 6.0 rose 4.8
  368.6 0.34   0  3.7  4.4  8.1  0.8  5.9 | rose 5.3 azure 3.2
  369.1 0.31   1  2.7  3.8  6.4  1.3  4.9 | azure 5.6 rose 4.8
  369.6 0.23   1  1.1  5.5  9.4  1.6  2.2 | azure 6.2 rose 4.4
  370.1 0.17   1  0.4  6.3 11.2  1.4  0.8 | azure 5.0 rose 4.9
  370.6 0.16   1  0.2 11.0 17.7  4.2  0.4 | red 8.4 rose 6.8
  371.1 0.16   1  0.4  9.6 13.9  5.4  0.6 | rose 9.0 red 4.8
  371.6 0.13   5  0.2 10.2 12.3  8.2  0.3 | rose 9.5 red 4.6
  372.1 0.13   5  0.1 12.8 14.6 11.1  0.1 | rose 11.3 red 7.3
  372.6 0.10   8  0.0  9.3 10.7  7.9  0.0 | rose 8.8 red 6.0
  373.1 0.07  16  0.0  6.7  5.8  7.6  0.0 | rose 7.2 red 4.1
  373.6 0.06  19  0.0  6.9  5.2  8.7  0.0 | rose 7.6 red 4.2
  374.1 0.06  30  0.2  2.6  2.2  2.9  0.2 | rose 2.3 red 1.9
  374.6 0.04  34  0.1  1.0  1.0  1.0  0.0 | rose 0.9 cyan 0.9
  375.1 0.04  34  0.1  1.0  1.0  1.0  0.0 | azure 1.0 rose 0.9
  375.6 0.03  37  0.1  0.6  0.5  0.7  0.1 | cyan 1.0 azure 0.9
  376.1 0.03  48  0.0  0.3  0.1  0.4  0.0 | cyan 0.9 azure 0.5
  376.6 0.03  64  0.1  0.9  0.9  0.8  0.1 | red 1.1
  377.1 0.03  55  0.0  0.2  0.1  0.3  0.0 | blue 4.2 azure 2.4 CUT
  377.6 0.12   0  0.1  0.0  0.0  0.1  0.0 | azure 34.5 blue 11.4
  378.1 0.08   0  0.0  0.0  0.0  0.0  0.0 | azure 31.0 blue 9.4
  378.6 0.06   0  0.0  0.0  0.0  0.0  0.0 | azure 15.5 blue 6.4
  379.1 0.05   0  0.0  0.0  0.0  0.0  0.0 | azure 11.2 blue 4.5
  379.6 0.04   0  0.0  0.0  0.0  0.0  0.0 | azure 10.1 blue 4.0
  380.1 0.03   9  0.0  0.0  0.0  0.0  0.0 | azure 4.5 blue 2.9
  380.6 0.01  56  0.0  0.0  0.0  0.0  0.0 | 
  381.1 0.01  57  0.0  0.0  0.0  0.0  0.0 | 
  381.6 0.01  52  0.0  0.0  0.0  0.0  0.0 | 
  382.1 0.01  63  0.0  0.1  0.0  0.1  0.0 | 
  382.6 0.01  83  0.0  0.2  0.1  0.3  0.0 | 
  383.1 0.01  81  0.0  0.2  0.0  0.3  0.0 | azure 0.5
  383.6 0.02  73  0.0  0.2  0.0  0.3  0.0 | azure 0.9
  384.1 0.04  58  0.1  1.1  0.5  1.7  0.1 | red 1.8 azure 0.8
  384.6 0.03  64  0.0  0.2  0.1  0.4  0.1 | azure 1.1 red 0.4
  385.1 0.04  60  0.1  0.2  0.1  0.4  0.1 | azure 1.5
  385.6 0.04  56  0.1  0.2  0.0  0.3  0.1 | azure 1.5
  386.1 0.04  57  0.1  0.2  0.0  0.3  0.1 | azure 1.3
  386.6 0.04  58  0.0  0.2  0.0  0.3  0.1 | azure 1.1
  387.1 0.04  53  0.0  1.1  0.6  1.6  0.1 | red 1.6 azure 0.8
  387.6 0.06  37  0.2  1.9  1.7  2.0  0.3 | red 1.7 rose 1.5
  388.1 0.07  23  0.2  1.7  2.5  0.9  0.4 | rose 5.4 magenta 1.7
  388.6 0.09  15  0.2  2.7  3.2  2.2  0.4 | rose 10.8 magenta 3.4
  389.1 0.08  19  0.1  1.5  2.1  0.9  0.2 | rose 6.2 magenta 2.6
  389.6 0.06  27  0.1  1.1  1.7  0.4  0.1 | rose 2.2 magenta 1.0
  390.1 0.06  34  0.1  0.7  1.2  0.2  0.2 | blue 1.4 rose 1.3
  390.6 0.07  32  0.1  1.8  0.7  3.0  0.2 | red 2.4 rose 1.3
  391.1 0.06  41  0.1  0.1  0.1  0.2  0.1 | azure 1.7 blue 0.5
  391.6 0.06  39  0.1  0.1  0.0  0.2  0.2 | azure 2.3 blue 0.3
  392.1 0.06  40  0.1  0.1  0.0  0.3  0.1 | azure 2.0
  392.6 0.05  42  0.1  0.1  0.0  0.2  0.1 | azure 1.7
  393.1 0.05  43  0.0  0.1  0.0  0.2  0.0 | azure 1.5
  393.6 0.07  29  0.2  2.9  0.6  5.1  0.2 | red 3.5 rose 1.5
  394.1 0.09  23  0.4  1.0  0.8  1.1  0.6 | rose 6.9 magenta 2.3
  394.6 0.11  19  0.4  1.3  1.0  1.7  0.4 | rose 13.0 magenta 5.2
  395.1 0.09  21  0.2  0.9  1.3  0.5  0.2 | rose 8.8 magenta 4.8
  395.6 0.07  25  0.1  0.8  1.3  0.3  0.1 | rose 3.2 magenta 1.5
  396.1 0.06  30  0.1  0.9  1.6  0.1  0.0 | rose 1.5
  396.6 0.09  19  0.3  1.4  2.0  0.8  0.3 | rose 1.8 azure 1.7 CUT
  397.1 0.09   6  0.3  1.2  1.6  0.7  0.6 | azure 5.1 blue 1.9
  397.6 0.16   0  0.6  0.6  0.7  0.4  1.1 | azure 14.6 cyan 5.1
  398.1 0.24   0  1.4  0.2  0.1  0.2  2.1 | azure 23.7 cyan 11.8
  398.6 0.31   0  2.4  0.0  0.0  0.1  2.8 | azure 34.2 cyan 18.7
  399.1 0.29   1  2.3  0.1  0.0  0.1  1.8 | azure 30.7 cyan 17.7 CUT
  399.6 0.05  14  0.1  0.5  0.1  0.8  0.0 | magenta 3.3 azure 3.0
  400.1 0.05  28  0.1  0.6  0.1  1.0  0.0 | azure 2.2 magenta 2.1
  400.6 0.03  52  0.1  0.7  0.3  1.0  0.0 | rose 0.5 red 0.5
  401.1 0.02  57  0.1  0.7  0.5  0.9  0.0 | red 0.6 rose 0.3
  401.6 0.03  53  0.2  0.7  0.5  0.8  0.0 | azure 0.7 red 0.6
  402.1 0.03  49  0.2  0.8  0.9  0.7  0.0 | azure 1.6 red 0.8
  402.6 0.05  35  0.2  1.1  1.3  0.9  0.1 | azure 2.8 rose 0.8 CUT
  403.1 0.14   5  0.2  8.1 11.6  4.6  0.4 | rose 5.6 red 5.4 CUT
  403.6 0.16   7  0.2  8.4 13.6  3.1  0.3 | red 6.6 rose 4.7 CUT
  404.1 0.27   0  0.9  3.1  3.7  2.5  1.5 | azure 8.0 cyan 5.8
  404.6 0.33   0  2.5  4.2  6.5  1.8  4.7 | azure 10.1 cyan 7.4
  405.1 0.35   0  3.0  3.4  5.6  1.2  5.6 | azure 10.1 cyan 7.6
  405.6 0.34   0  2.9  4.0  5.1  2.9  5.3 | azure 10.4 cyan 7.2
  406.1 0.17   1  1.0  6.5  7.2  5.9  1.8 | azure 7.2 rose 5.0 CUT
  406.6 0.12   1  0.4  6.9  9.6  4.3  0.7 | azure 7.6 red 5.3
  407.1 0.11   1  0.3  6.6 10.4  2.8  0.5 | azure 8.7 red 4.9
  407.6 0.13   2  0.5  7.6  8.4  6.8  0.7 | azure 7.7 red 6.0
  408.1 0.19   2  1.1  5.8  5.6  6.0  1.3 | azure 7.9 blue 6.0 CUT
  408.6 0.27   1  1.8  2.4  2.7  2.1  3.4 | blue 6.6 azure 5.9 CUT
  409.1 0.50   0  5.9  0.3  0.3  0.4 10.8 | azure 4.2 cyan 3.0
  409.6 0.57   0  6.8  0.1  0.0  0.2 12.2 | cyan 7.9 azure 5.0
  410.1 0.59   0  5.8  0.0  0.0  0.0 10.9 | cyan 5.6 azure 5.0
  410.6 0.62   0  4.9  0.0  0.0  0.0  9.3 | cyan 5.6 azure 4.4
  411.1 0.65   0 12.4  0.0  0.0  0.0 22.1 | cyan 7.7 azure 2.4
  411.6 0.67   0 16.5  0.0  0.0  0.0 28.6 | cyan 6.5 azure 1.3
  412.1 0.20   2  2.6  0.9  0.8  1.0  4.6 | azure 5.6 blue 2.8 CUT
  412.6 0.09   8  0.0  0.9  0.8  1.1  0.0 | azure 4.9 blue 1.4
  413.1 0.12   6  0.0  1.8  1.6  2.1  0.0 | azure 2.8 red 1.9 CUT
  413.6 0.43   0  1.3 53.0 48.4 57.5  1.9 | red 52.2 orange 8.0
  414.1 0.44   0  1.2 54.7 53.8 55.7  2.0 | red 53.5 orange 9.6
  414.6 0.14  13  0.2  6.8 10.1  3.5  0.4 | red 8.1 rose 1.3 CUT
  415.1 0.08  17  0.2  2.0  0.8  3.2  0.0 | rose 2.7 red 0.4
