# span 03: video 415.42-566.86 s (show time = video - 0.036). Columns per 0.5 s: luma(0-1) dark% white% fire% fireUpper% fireLower% whiteUpper% | top saturated hues (% of frame)
# camera cuts (video s): [427.8, 430.84, 440.0, 441.64, 445.92, 447.92, 452.0, 454.16, 455.6, 457.32, 458.56, 465.0, 469.48, 470.36, 483.4, 484.28, 487.64, 491.76, 494.4, 495.28, 495.72, 496.16, 496.8, 497.64, 498.36, 502.08, 504.76, 505.16, 506.4, 506.96, 508.28, 508.68, 509.64, 510.2, 510.6, 511.16, 514.36, 515.24, 516.0, 516.8, 517.2, 518.84, 536.04, 542.36, 545.32, 548.4]
# sudden brightening frames (flash/strobe/fireball candidates, luma +0.05 in 1/25 s): [427.12, 440.24, 445.92, 452.0, 455.6, 483.4, 484.08, 489.72, 490.56, 491.0, 491.08, 491.32, 491.76, 493.24, 493.52, 493.96, 494.4, 494.48, 494.56, 494.64, 494.84, 495.0, 495.24, 495.44, 495.52, 496.0, 496.04, 496.2, 496.24, 496.28, 496.96, 497.0, 497.04, 497.72, 497.76, 497.8, 497.84, 498.48, 498.52, 498.56, 498.6, 504.76, 508.28, 509.6, 509.64, 510.52, 510.56, 510.96, 511.12, 514.36, 514.48, 515.24, 517.56, 538.96, 539.6, 542.36]
  415.4 0.14   4  0.7 19.2  4.6 33.9  0.2 | rose 18.2 red 5.9
  415.9 0.15   3  1.3 29.8  7.6 52.0  1.1 | rose 25.9 red 9.4
  416.4 0.08   7  0.1 15.1  6.5 23.7  0.2 | rose 17.3 red 1.6
  416.9 0.02  32  0.0  0.5  0.4  0.6  0.0 | rose 0.5
  417.4 0.01  34  0.0  0.2  0.0  0.3  0.0 | 
  417.9 0.02  30  0.0  0.2  0.0  0.4  0.0 | 
  418.4 0.02  70  0.0  0.3  0.2  0.3  0.0 | rose 0.9
  418.9 0.03  56  0.0  0.5  0.6  0.3  0.1 | rose 1.7 magenta 0.5
  419.4 0.04  49  0.0  0.6  0.8  0.4  0.1 | rose 1.3 magenta 0.5
  419.9 0.04  45  0.1  0.7  1.1  0.4  0.1 | rose 1.6 magenta 0.4
  420.4 0.06  34  0.1  1.3  2.2  0.4  0.1 | rose 3.9 magenta 0.7
  420.9 0.08  19  0.0  3.1  4.8  1.4  0.1 | rose 10.0 magenta 1.7
  421.4 0.07  29  0.7  3.0  3.3  2.8  1.3 | rose 6.7 red 1.0
  421.9 0.09  27  1.5  8.7  5.6 11.7  3.0 | rose 12.4 red 3.8
  422.4 0.06  40  0.3  3.8  3.9  3.6  0.7 | rose 8.1 red 1.8
  422.9 0.02  76  0.0  0.4  0.5  0.3  0.0 | rose 0.6
  423.4 0.01  82  0.0  0.2  0.1  0.3  0.0 | 
  423.9 0.02  76  0.0  0.2  0.1  0.2  0.0 | 
  424.4 0.02  69  0.0  0.2  0.1  0.2  0.0 | rose 0.4
  424.9 0.04  54  0.1  0.6  1.0  0.3  0.1 | rose 3.1 magenta 0.8
  425.4 0.04  40  0.1  0.7  1.3  0.2  0.2 | rose 3.3 magenta 1.0
  425.9 0.05  35  0.1  0.8  1.5  0.2  0.2 | rose 3.3 magenta 0.6
  426.4 0.07  26  0.2  1.0  1.8  0.2  0.3 | rose 3.7 magenta 2.1
  426.9 0.22   8  3.7  6.2  5.4  7.0  6.2 | rose 13.8 red 4.8
  427.4 0.10  21  0.4  2.5  4.1  0.9  0.4 | rose 9.0 magenta 0.6 CUT
  427.9 0.01  91  0.0  0.0  0.0  0.0  0.0 | 
  428.4 0.00  99  0.0  0.0  0.0  0.0  0.0 | 
  428.9 0.00  94  0.0  0.0  0.0  0.0  0.0 | 
  429.4 0.07  57  0.4  0.2  0.1  0.3  0.5 | blue 1.0 azure 0.7
  429.9 0.10  39  0.4  3.0  3.3  2.6  0.6 | red 2.8 rose 2.6
  430.4 0.09  34  0.3  2.2  1.6  2.7  0.3 | rose 3.5 red 0.9 CUT
  430.9 0.11  32  0.6  0.4  0.4  0.4  1.1 | red 0.4 rose 0.4
  431.4 0.09  40  0.4  0.2  0.1  0.3  0.6 | 
  431.9 0.10  39  0.5  0.2  0.1  0.3  0.9 | 
  432.4 0.09  37  0.5  0.2  0.1  0.3  0.7 | 
  432.9 0.10  33  0.5  2.5  4.7  0.3  0.9 | rose 3.5 red 0.9
  433.4 0.14  19  0.8  4.1  7.5  0.7  1.3 | rose 6.8 red 1.7
  433.9 0.11  31  0.5  0.6  1.0  0.3  0.8 | rose 1.0 red 0.4
  434.4 0.13  32  0.7  0.2  0.1  0.3  1.2 | 
  434.9 0.09  37  0.5  0.1  0.0  0.2  0.7 | 
  435.4 0.11  35  0.5  0.2  0.0  0.3  0.9 | 
  435.9 0.13  27  0.8  1.1  2.0  0.3  1.2 | rose 1.5 azure 0.8
  436.4 0.14  18  0.7  3.3  6.2  0.4  1.2 | rose 9.1 red 0.7
  436.9 0.16  18  1.0  1.0  1.6  0.3  1.5 | rose 3.3 blue 0.7
  437.4 0.14  27  0.8  0.2  0.1  0.3  1.4 | 
  437.9 0.18  22  1.8  0.2  0.0  0.3  2.9 | red 0.4
  438.4 0.19  16  2.2  0.2  0.0  0.3  3.4 | red 0.4
  438.9 0.19  18  2.1  0.2  0.0  0.3  3.7 | azure 0.7 blue 0.6
  439.4 0.15  24  0.8  0.2  0.1  0.3  1.3 | azure 0.9 blue 0.4
  439.9 0.09  14  0.1  0.7  1.4  0.1  0.1 | azure 8.5 blue 0.8 CUT
  440.4 0.20   0  0.2  0.0  0.0  0.0  0.2 | azure 57.2 cyan 1.4
  440.9 0.33   0  0.6  0.0  0.0  0.0  0.6 | azure 52.7 cyan 37.1
  441.4 0.17  50  0.3  0.0  0.0  0.1  0.3 | cyan 23.3 azure 15.9 CUT
  441.9 0.06  77  0.4  0.1  0.1  0.1  0.7 | 
  442.4 0.05  78  0.2  0.1  0.0  0.1  0.4 | 
  442.9 0.04  80  0.2  0.0  0.0  0.1  0.3 | 
  443.4 0.04  81  0.1  0.1  0.0  0.1  0.1 | blue 0.4
  443.9 0.03  84  0.1  0.0  0.0  0.1  0.0 | blue 0.3
  444.4 0.02  53  0.0  0.3  0.0  0.7  0.0 | blue 0.8 red 0.4
  444.9 0.15   5  0.2 30.1 13.0 47.1  0.0 | red 19.5 rose 16.8
  445.4 0.17   2  0.1 45.7 25.8 65.6  0.1 | red 40.1 rose 11.5
  445.9 0.28   0  0.9 15.5 18.3 12.7  1.2 | rose 22.3 violet 7.6 CUT
  446.4 0.27   0  1.0  9.2 14.0  4.4  1.2 | rose 20.6 violet 10.8
  446.9 0.30   0  1.5  4.5  6.4  2.5  2.0 | violet 12.3 rose 8.9
  447.4 0.30   0  1.7  4.2  3.4  5.0  2.7 | violet 9.2 rose 8.7
  447.9 0.07  68  0.2  0.0  0.0  0.1  0.3 |  CUT
  448.4 0.07  62  0.2  0.0  0.0  0.1  0.3 | 
  448.9 0.06  64  0.1  0.1  0.0  0.1  0.2 | 
  449.4 0.05  67  0.2  0.1  0.0  0.1  0.3 | 
  449.9 0.03  77  0.1  0.1  0.0  0.1  0.1 | 
  450.4 0.01  86  0.0  0.1  0.0  0.1  0.0 | azure 0.5
  450.9 0.04  65  0.1  3.7  5.5  1.9  0.1 | rose 6.8 magenta 1.4
  451.4 0.08  34  0.1 10.7 18.0  3.4  0.3 | rose 16.6 magenta 1.9
  451.9 0.24   5  0.5  8.9 16.4  1.4  0.8 | rose 16.9 magenta 5.8 CUT
  452.4 0.25   0  0.4  8.0 14.8  1.1  0.7 | rose 14.7 magenta 5.4
  452.9 0.27   0  0.5  4.3  8.0  0.6  0.7 | rose 10.5 magenta 8.4
  453.4 0.28   0  0.8  3.4  6.3  0.6  0.8 | magenta 9.0 violet 6.8
  453.9 0.15  44  0.5  1.1  1.7  0.5  0.6 | blue 4.5 azure 2.3 CUT
  454.4 0.05  79  0.5  0.1  0.0  0.1  0.6 | 
  454.9 0.05  80  0.3  0.0  0.0  0.1  0.4 | 
  455.4 0.09  58  0.2  0.2  0.4  0.0  0.3 | blue 0.8 azure 0.7 CUT
  455.9 0.09  47  0.1  0.0  0.1  0.0  0.2 | blue 1.3 azure 1.2
  456.4 0.05  53  0.0  0.0  0.0  0.0  0.0 | blue 1.5 azure 1.4
  456.9 0.03  58  0.0  1.6  1.5  1.7  0.0 | rose 2.5 blue 1.1 CUT
  457.4 0.12  23  0.1 25.5 24.9 26.1  0.1 | rose 21.1 red 11.6
  457.9 0.15   7  0.1 34.0 36.5 31.5  0.2 | rose 28.9 red 13.5
  458.4 0.10   2  0.1 11.0 12.5  9.5  0.2 | rose 10.2 red 4.3 CUT
  458.9 0.08   2  0.1  0.8  0.9  0.7  0.2 | rose 1.3 magenta 0.8
  459.4 0.07   1  0.1  0.2  0.4  0.0  0.1 | violet 0.8 magenta 0.7
  459.9 0.04  16  0.0  0.1  0.1  0.1  0.1 | magenta 0.5 violet 0.4
  460.4 0.15  22  0.3  0.1  0.0  0.2  0.5 | 
  460.9 0.13  22  0.2  0.1  0.0  0.2  0.4 | 
  461.4 0.11  25  0.2  0.1  0.0  0.2  0.3 | azure 0.5 blue 0.3
  461.9 0.09  32  0.2  0.1  0.0  0.2  0.2 | azure 0.7
  462.4 0.07  44  0.1  0.1  0.0  0.2  0.1 | azure 0.8
  462.9 0.04  59  0.0  0.1  0.0  0.2  0.0 | azure 0.9
  463.4 0.08  28  0.1  5.9  7.2  4.6  0.2 | rose 8.2 red 2.3
  463.9 0.09  12  0.1 11.3 16.0  6.6  0.2 | rose 14.5 red 3.9
  464.4 0.08  14  0.1  5.9 10.4  1.3  0.1 | rose 10.7 magenta 2.7
  464.9 0.10  24  0.2 14.4 26.6  2.2  0.1 | rose 15.0 red 4.5 CUT
  465.4 0.09  32  0.2  8.6 16.3  0.9  0.1 | rose 10.7 red 2.4
  465.9 0.04  59  0.0  0.9  1.7  0.2  0.0 | rose 1.5 blue 1.0
  466.4 0.02  66  0.0  0.1  0.1  0.1  0.0 | blue 1.3 violet 0.6
  466.9 0.03  67  0.0  0.1  0.1  0.1  0.0 | blue 1.0 azure 0.5
  467.4 0.03  65  0.1  0.1  0.1  0.1  0.0 | blue 0.9 azure 0.5
  467.9 0.05  63  0.1  0.1  0.1  0.1  0.0 | blue 0.6 azure 0.4
  468.4 0.04  65  0.1  0.1  0.1  0.1  0.0 | blue 0.6 azure 0.4
  468.9 0.05  64  0.2  0.1  0.0  0.2  0.1 | 
  469.4 0.09  18  0.2  1.5  0.0  3.0  0.0 | red 1.9 azure 0.4 CUT
  469.9 0.16  13  0.4  1.3  0.0  2.5  0.0 | red 1.5 CUT
  470.4 0.03  38  0.0  0.2  0.0  0.4  0.0 | 
  470.9 0.01  40  0.0  0.0  0.0  0.0  0.0 | blue 0.6 azure 0.3
  471.4 0.02  31  0.0  0.0  0.0  0.0  0.0 | blue 0.9 azure 0.4
  471.9 0.02  29  0.0  0.0  0.0  0.0  0.0 | blue 1.9 azure 0.7
  472.4 0.02  29  0.0  0.0  0.0  0.0  0.0 | blue 2.0 azure 0.6
  472.9 0.02  30  0.0  0.0  0.0  0.0  0.0 | blue 0.6
  473.4 0.01  37  0.0  0.0  0.0  0.0  0.0 | blue 0.3
  473.9 0.02  34  0.0  0.3  0.0  0.6  0.0 | blue 1.2 red 0.3
  474.4 0.03  20  0.0  0.6  0.0  1.3  0.0 | blue 1.9 violet 0.9
  474.9 0.02  27  0.0  0.1  0.0  0.2  0.0 | blue 1.7 violet 0.6
  475.4 0.03  22  0.0  0.0  0.0  0.0  0.0 | blue 3.8 azure 1.1
  475.9 0.02  22  0.0  0.0  0.0  0.0  0.0 | blue 5.8 azure 0.6
  476.4 0.01  33  0.0  0.0  0.0  0.0  0.0 | blue 0.5 azure 0.3
  476.9 0.01  39  0.0  0.1  0.0  0.1  0.0 | blue 0.5
  477.4 0.03  26  0.0  0.7  0.0  1.4  0.0 | blue 1.2 red 0.8
  477.9 0.02  22  0.0  0.2  0.0  0.3  0.0 | blue 2.4 azure 0.4
  478.4 0.02  29  0.0  0.0  0.0  0.0  0.0 | blue 3.7 azure 0.6
  478.9 0.02  28  0.0  0.0  0.0  0.0  0.0 | blue 1.1
  479.4 0.01  31  0.0  0.0  0.0  0.0  0.0 | blue 0.4
  479.9 0.01  38  0.0  0.0  0.0  0.0  0.0 | blue 0.5
  480.4 0.04  14  0.0  0.6  0.0  1.1  0.0 | blue 2.1 violet 1.0
  480.9 0.03  18  0.0  0.2  0.0  0.4  0.0 | blue 1.4 violet 0.6
  481.4 0.02  25  0.0  0.0  0.0  0.0  0.0 | blue 3.7 azure 0.8
  481.9 0.05  12  0.0  0.6  0.0  1.2  0.0 | blue 8.8 violet 1.1
  482.4 0.02  23  0.0  0.3  0.0  0.6  0.0 | blue 0.9 red 0.4
  482.9 0.02  44  0.0  0.0  0.0  0.0  0.0 |  CUT
  483.4 0.03  79  0.1  0.1  0.0  0.2  0.1 | 
  483.9 0.04  72  0.1  0.1  0.0  0.2  0.1 | azure 0.3 CUT
  484.4 0.01  90  0.0  0.1  0.0  0.2  0.0 | azure 0.3
  484.9 0.03  82  0.1  0.1  0.0  0.2  0.2 | 
  485.4 0.03  74  0.1  0.1  0.0  0.2  0.2 | azure 0.4
  485.9 0.02  86  0.0  0.1  0.0  0.2  0.0 | azure 0.3
  486.4 0.02  82  0.1  0.1  0.0  0.2  0.1 | 
  486.9 0.04  68  0.1  0.1  0.0  0.2  0.2 | 
  487.4 0.02  79  0.0  0.1  0.0  0.2  0.0 |  CUT
  487.9 0.02  81  0.1  0.1  0.0  0.2  0.2 | 
  488.4 0.03  74  0.1  0.1  0.0  0.2  0.2 | 
  488.9 0.03  74  0.1  0.1  0.0  0.2  0.1 | 
  489.4 0.04  83  0.5  0.1  0.0  0.2  0.4 | 
  489.9 0.04  79  0.3  0.2  0.0  0.4  0.1 | 
  490.4 0.05  83  0.8  0.1  0.0  0.2  0.7 | 
  490.9 0.05  79  0.8  0.1  0.0  0.3  0.6 | 
  491.4 0.06  75  0.7  0.3  0.0  0.5  0.5 | orange 0.3 CUT
  491.9 0.06  79  1.1  0.1  0.0  0.3  0.7 | 
  492.4 0.06  77  0.8  0.1  0.0  0.3  0.8 | 
  492.9 0.07  73  0.9  0.9  0.9  0.9  0.5 | red 1.1
  493.4 0.07  72  1.0  0.6  0.2  1.1  0.7 | red 0.9
  493.9 0.07  77  1.9  0.3  0.1  0.6  1.7 | red 0.5 CUT
  494.4 0.52   4  9.0 36.9 20.5 53.3 16.8 | red 43.5 rose 5.2
  494.9 0.48   0  4.3 47.7 26.6 68.7  8.2 | red 54.6 rose 6.4 CUT
  495.4 0.12  20  0.1 10.3  4.0 16.6  0.2 | red 10.9 rose 3.5 CUT
  495.9 0.39  33 12.1  0.5  0.5  0.5 11.3 | azure 6.8 cyan 6.8 CUT
  496.4 0.60  14 26.7  0.4  0.3  0.5 26.2 | cyan 22.8 azure 0.9 CUT
  496.9 0.67   5 33.8  0.2  0.1  0.4 40.5 | cyan 0.5
  497.4 0.58  14 27.3  0.6  0.7  0.4 29.7 | cyan 7.2 red 0.4 CUT
  497.9 0.70   8 47.7  0.2  0.2  0.3 51.3 | cyan 7.8 azure 0.6 CUT
  498.4 0.56   5 12.5  0.3  0.4  0.2 15.1 | cyan 2.6 azure 2.6
  498.9 0.56   0 16.5  0.0  0.0  0.0 22.4 | cyan 25.9 azure 14.0
  499.4 0.53   0 13.1  0.0  0.0  0.0 17.4 | cyan 31.2 azure 15.4
  499.9 0.51   0 10.4  0.0  0.0  0.0 12.4 | cyan 33.6 azure 15.9
  500.4 0.50   0  9.9  0.0  0.0  0.0 11.7 | cyan 35.9 azure 14.9
  500.9 0.52   0 10.4  0.0  0.0  0.0 12.1 | cyan 40.9 azure 13.3
  501.4 0.46   0  6.2  0.1  0.2  0.0  7.6 | cyan 43.5 azure 11.9
  501.9 0.15   8  0.6  1.4  0.6  2.1  0.7 | cyan 8.3 azure 4.1 CUT
  502.4 0.05  18  0.0  1.0  0.0  2.1  0.0 | blue 2.3 violet 1.5
  502.9 0.05  15  0.1  1.3  0.0  2.6  0.0 | blue 2.4 violet 1.6
  503.4 0.04  16  0.1  1.0  0.0  1.9  0.0 | blue 2.5 violet 1.2
  503.9 0.04  22  0.0  0.8  0.0  1.7  0.0 | blue 2.1 violet 1.0
  504.4 0.12   8  0.2  2.7  0.1  5.2  0.0 | red 4.5 rose 0.4 CUT
  504.9 0.11   9  0.4  1.2  0.0  2.4  0.0 | blue 1.4 rose 1.0 CUT
  505.4 0.03  21  0.0  0.8  0.0  1.6  0.0 | blue 2.6 violet 1.0
  505.9 0.05  13  0.1  1.6  0.0  3.2  0.0 | blue 2.1 red 1.4 CUT
  506.4 0.03  61  0.1  2.5  0.5  4.6  0.0 | red 2.6 rose 1.0
  506.9 0.05  64  0.6  4.8  2.1  7.5  0.6 | red 5.1 rose 1.4 CUT
  507.4 0.05  68  0.7  4.3  3.5  5.1  1.0 | rose 4.2 red 2.7
  507.9 0.05  57  0.2  0.8  0.9  0.8  0.3 | blue 8.0 violet 4.5 CUT
  508.4 0.11   0  0.1  0.4  0.3  0.6  0.0 | blue 19.0 violet 10.1 CUT
  508.9 0.11   1  0.1  0.5  0.4  0.5  0.1 | blue 16.8 violet 8.1
  509.4 0.28   0  4.9  0.1  0.1  0.1  1.5 | blue 14.8 violet 6.0 CUT
  509.9 0.13   0  0.7  0.2  0.2  0.2  0.3 | blue 20.5 violet 12.1 CUT
  510.4 0.18   0  0.4  8.7  6.6 10.8  0.3 | red 9.6 rose 4.4 CUT
  510.9 0.15   8  0.3  1.8  1.7  2.0  0.1 | red 2.6 CUT
  511.4 0.08  17  0.4  1.2  0.0  2.4  0.0 | blue 1.5 red 1.2
  511.9 0.03  30  0.0  0.7  0.0  1.5  0.0 | blue 2.7 violet 1.2
  512.4 0.04  32  0.1  0.8  0.0  1.7  0.0 | red 1.0 blue 0.7
  512.9 0.03  39  0.0  0.6  0.0  1.1  0.0 | azure 0.8 red 0.7
  513.4 0.05  30  0.1  0.7  0.0  1.5  0.0 | red 0.8 rose 0.4
  513.9 0.10  16  0.3  0.4  0.2  0.6  0.0 | azure 0.9 rose 0.4 CUT
  514.4 0.14   6  0.2  1.0  1.0  1.0  0.1 | blue 6.8 azure 5.0
  514.9 0.10   5  0.2  1.7  2.0  1.3  0.2 | blue 17.0 violet 5.2 CUT
  515.4 0.11   4  0.2  2.8  3.9  1.7  0.2 | blue 12.8 violet 6.6
  515.9 0.09   4  0.1  1.0  1.1  1.0  0.1 | blue 17.2 azure 5.1 CUT
  516.4 0.10   6  0.1  3.0  3.4  2.6  0.1 | blue 15.0 violet 7.6 CUT
  516.9 0.12   6  0.2  6.6  8.1  5.0  0.2 | rose 7.8 violet 7.8 CUT
  517.4 0.11  13  0.4  2.5  2.2  2.9  0.0 | red 2.2 rose 1.3
  517.9 0.04  22  0.1  1.4  0.0  2.8  0.0 | violet 2.2 magenta 1.3
  518.4 0.06  17  0.1  3.1  0.0  6.2  0.0 | rose 2.8 red 2.5 CUT
  518.9 0.07  14  0.2  0.9  0.0  1.8  0.0 | violet 2.7 magenta 1.5
  519.4 0.07  16  0.5  0.4  0.0  0.8  0.0 | blue 3.0 violet 0.8
  519.9 0.02  35  0.0  0.9  0.0  1.8  0.0 | azure 2.6 rose 1.4
  520.4 0.02  63  0.0  1.0  0.7  1.2  0.0 | blue 0.9 rose 0.9
  520.9 0.01  85  0.0  0.1  0.2  0.1  0.0 | blue 0.3
  521.4 0.01  83  0.0  0.2  0.3  0.0  0.0 | blue 0.4 azure 0.3
  521.9 0.01  84  0.0  0.1  0.3  0.0  0.0 | blue 0.4
  522.4 0.01  86  0.0  0.1  0.2  0.0  0.0 | blue 0.3
  522.9 0.01  85  0.0  0.1  0.3  0.0  0.0 | blue 0.4
  523.4 0.02  79  0.0  0.2  0.3  0.0  0.0 | blue 1.0 azure 0.6
  523.9 0.03  75  0.0  0.1  0.2  0.0  0.0 | blue 1.5 azure 1.1
  524.4 0.02  78  0.0  0.1  0.1  0.1  0.0 | azure 1.0 blue 0.8
  524.9 0.01  84  0.0  0.1  0.2  0.1  0.0 | azure 0.5 blue 0.4
  525.4 0.02  83  0.0  0.2  0.4  0.1  0.0 | blue 0.4 rose 0.3
  525.9 0.02  82  0.0  0.2  0.3  0.1  0.0 | blue 0.5 rose 0.3
  526.4 0.02  81  0.0  0.2  0.3  0.1  0.0 | blue 0.6 azure 0.6
  526.9 0.01  80  0.0  0.3  0.5  0.1  0.0 | azure 1.8 blue 1.1
  527.4 0.01  80  0.0  0.3  0.5  0.1  0.0 | azure 1.8 blue 1.1
  527.9 0.01  80  0.0  0.3  0.4  0.1  0.0 | azure 1.8 blue 1.1
  528.4 0.01  80  0.0  0.3  0.5  0.1  0.0 | azure 1.8 blue 1.1
  528.9 0.01  80  0.0  0.3  0.4  0.1  0.0 | azure 1.5 blue 0.9
  529.4 0.01  83  0.0  0.1  0.2  0.0  0.0 | azure 0.8 blue 0.6
  529.9 0.02  25  0.0  0.1  0.0  0.2  0.0 | blue 2.0 azure 1.8
  530.4 0.02  23  0.0  0.1  0.0  0.2  0.0 | blue 1.9 azure 1.9
  530.9 0.02  22  0.0  0.0  0.0  0.1  0.0 | azure 2.2 blue 1.8
  531.4 0.02  22  0.0  0.0  0.0  0.1  0.0 | blue 1.8 azure 1.8
  531.9 0.02  26  0.0  0.1  0.0  0.2  0.0 | azure 1.7 blue 1.6
  532.4 0.01  37  0.0  0.1  0.0  0.2  0.0 | azure 1.4 blue 0.5
  532.9 0.02  28  0.0  0.0  0.0  0.0  0.0 | blue 1.8 azure 0.5
  533.4 0.02  25  0.0  0.0  0.0  0.0  0.0 | blue 1.8 violet 0.7
  533.9 0.02  24  0.0  0.0  0.0  0.0  0.0 | blue 1.4 azure 0.9
  534.4 0.00  87  0.0  0.0  0.0  0.0  0.0 | blue 0.4
  534.9 0.00  94  0.0  0.0  0.0  0.0  0.0 | 
  535.4 0.08  53  0.2 12.3  0.2 24.4  0.0 | red 11.8 orange 2.2
  535.9 0.01  68  0.0  1.5  0.0  3.0  0.0 | red 1.6 CUT
  536.4 0.01  54  0.0  0.3  0.0  0.6  0.0 | rose 0.5
  536.9 0.03  35  0.0  2.1  0.2  4.0  0.0 | rose 2.1 red 0.7
  537.4 0.04  16  0.0  3.7  0.8  6.5  0.0 | rose 3.2 red 1.7
  537.9 0.07   7  0.0  9.7  3.3 16.2  0.0 | rose 9.6 red 3.4
  538.4 0.11   2  0.0 19.5  9.7 29.3  0.0 | rose 20.5 red 5.5
  538.9 0.17   1  0.1 26.8 14.5 39.2  0.0 | rose 31.6 red 7.2
  539.4 0.19   2  0.2 32.2 20.4 44.1  0.0 | rose 40.1 red 7.7
  539.9 0.17   2  0.1 41.3 20.8 61.8  0.0 | rose 32.6 red 18.3
  540.4 0.19   2  0.2 42.0 20.3 63.7  0.1 | rose 31.0 red 19.9
  540.9 0.21   2  0.2 41.2 21.1 61.3  0.2 | rose 35.1 red 16.2
  541.4 0.21   1  0.2 40.1 18.3 61.8  0.2 | rose 34.5 red 14.7
  541.9 0.28   0  0.6 38.9 21.9 55.8  0.3 | rose 33.0 red 16.8 CUT
  542.4 0.42   0  1.0 70.8 50.9 90.7  1.8 | red 60.9 rose 18.1
  542.9 0.42   0  1.0 71.1 53.1 89.0  1.5 | red 50.2 rose 29.3
  543.4 0.44   0  1.0 68.3 45.7 91.0  1.8 | red 45.5 rose 31.9
  543.9 0.45   0  1.2 66.2 41.3 91.1  2.4 | red 50.9 rose 23.4
  544.4 0.46   0  1.1 63.9 39.9 88.0  2.0 | red 47.5 rose 25.8
  544.9 0.42   2  1.2 47.5 37.6 57.3  1.6 | rose 36.6 red 22.4 CUT
  545.4 0.19   7  1.0 33.8 47.7 19.9  1.8 | rose 30.9 red 8.2
  545.9 0.20   7  1.6 30.0 42.1 17.9  3.0 | rose 30.6 red 6.0
  546.4 0.20   8  1.4 33.1 46.8 19.4  2.4 | rose 29.6 red 9.0
  546.9 0.21  10  1.9 31.1 44.5 17.7  2.7 | rose 25.7 red 11.0
  547.4 0.25   9  3.3 24.2 37.1 11.3  4.5 | rose 22.4 red 8.8
  547.9 0.21  16  1.7 24.3 38.0 10.7  2.4 | rose 21.9 red 9.3 CUT
  548.4 0.11  26  0.5  6.7  4.8  8.6  1.0 | rose 13.6 magenta 1.7
  548.9 0.08  28  0.0  8.1  8.7  7.6  0.1 | rose 15.3 magenta 1.6
  549.4 0.07  31  0.1  4.9  7.2  2.6  0.0 | rose 10.9 magenta 1.2
  549.9 0.06  38  0.1  1.7  3.2  0.3  0.0 | rose 5.6 magenta 1.1
  550.4 0.06  41  0.5  0.1  0.3  0.0  0.3 | rose 3.2 magenta 1.4
  550.9 0.06  42  0.4  0.0  0.1  0.0  0.3 | rose 3.9 magenta 1.1
  551.4 0.06  42  0.2  0.1  0.1  0.1  0.2 | rose 3.0 magenta 2.0
  551.9 0.08  39  0.3  0.2  0.3  0.2  0.3 | rose 1.9 magenta 0.6
  552.4 0.09  32  0.3  1.3  0.7  1.9  0.2 | rose 3.6 blue 0.5
  552.9 0.06  34  0.0  0.9  0.8  0.9  0.1 | rose 2.6 blue 0.9
  553.4 0.05  48  0.0  0.1  0.1  0.1  0.0 | blue 1.0
  553.9 0.06  45  0.0  0.0  0.1  0.0  0.0 | blue 0.6
  554.4 0.08  41  0.5  0.0  0.0  0.0  0.8 | blue 0.8
  554.9 0.11  31  1.3  0.0  0.0  0.0  2.5 | rose 2.3 magenta 0.6
  555.4 0.12  20  1.3  1.3  1.4  1.2  1.6 | rose 10.9 magenta 0.8
  555.9 0.12  18  0.6  2.4  2.0  2.8  0.7 | rose 8.2 magenta 0.9
  556.4 0.12  37  0.2  0.2  0.3  0.1  0.2 | blue 0.7 rose 0.5
  556.9 0.09  43  0.0  0.1  0.1  0.0  0.0 | blue 0.7 rose 0.3
  557.4 0.13  26  0.6  4.2  1.9  6.4  1.1 | rose 8.8 magenta 1.6
  557.9 0.25   1  3.9 16.3  7.4 25.1  6.7 | rose 30.9 magenta 2.1
  558.4 0.21   0  2.5 17.3  7.3 27.3  4.5 | rose 36.9 magenta 2.0
  558.9 0.09  12  0.3  4.3  2.9  5.7  0.6 | rose 15.5 magenta 1.6
  559.4 0.02  54  0.0  0.2  0.3  0.1  0.0 | blue 2.3 rose 0.8
  559.9 0.09  39  0.2  0.1  0.1  0.1  0.5 | blue 2.5
  560.4 0.16  23  1.2  0.1  0.2  0.1  2.3 | blue 1.9 rose 0.6
  560.9 0.06  45  0.0  0.0  0.0  0.0  0.0 | blue 3.1 rose 0.4
  561.4 0.01  59  0.0  0.0  0.0  0.0  0.0 | blue 2.2 rose 0.4
  561.9 0.01  70  0.0  0.0  0.0  0.1  0.0 | blue 1.0
  562.4 0.01  82  0.0  0.0  0.0  0.0  0.0 | blue 0.3
  562.9 0.00  94  0.0  0.1  0.0  0.1  0.0 | 
  563.4 0.00  97  0.0  0.0  0.0  0.1  0.0 | 
  563.9 0.00  83  0.0  0.0  0.0  0.0  0.0 | 
  564.4 0.00  82  0.0  0.0  0.0  0.0  0.0 | 
  564.9 0.00  82  0.0  0.0  0.0  0.0  0.0 | 
  565.4 0.00  79  0.0  0.0  0.0  0.0  0.0 | 
  565.9 0.00  81  0.0  0.0  0.0  0.0  0.0 | 
  566.4 0.00  80  0.0  0.0  0.0  0.0  0.0 | 
