# span 04: video 566.86-637.80 s (show time = video - 0.036). Columns per 0.5 s: luma(0-1) dark% white% fire% fireUpper% fireLower% whiteUpper% | top saturated hues (% of frame)
# camera cuts (video s): [567.4, 568.4, 572.32, 575.56, 578.76, 584.2, 587.08, 587.52, 588.04, 588.44, 588.96, 589.52, 591.28, 591.72, 592.52, 593.04, 594.28, 595.08, 598.44, 600.88, 602.36, 603.76, 604.32, 606.24, 606.68, 607.88, 608.68, 609.44, 611.36, 612.48]
# sudden brightening frames (flash/strobe/fireball candidates, luma +0.05 in 1/25 s): [567.44, 572.32, 587.08, 587.2, 587.52, 587.72, 587.88, 588.08, 588.28, 588.44, 589.52, 589.88, 591.28, 592.64, 592.72, 592.8, 594.24, 594.4, 594.44, 602.28, 602.44, 603.0, 603.64, 604.6, 605.28, 606.68, 606.76, 606.88, 607.88, 607.92, 608.08, 608.64, 609.4, 611.36, 612.52]
  566.9 0.00  80  0.0  0.0  0.0  0.0  0.0 | 
  567.4 0.33   3  1.0  0.0  0.0  0.0  1.0 |  CUT
  567.9 0.27   0  0.7  0.0  0.0  0.0  0.8 | azure 1.3
  568.4 0.02  76  0.1  0.4  0.6  0.3  0.0 | azure 0.5 red 0.5 CUT
  568.9 0.06  28  0.2  2.0  1.9  2.1  0.1 | azure 2.5 red 2.0
  569.4 0.07   9  0.2  2.0  1.9  2.0  0.1 | azure 2.8 red 1.7
  569.9 0.07   9  0.2  1.9  1.8  2.0  0.1 | azure 2.6 red 1.7
  570.4 0.08   8  0.2  1.9  1.8  2.1  0.1 | azure 2.1 red 1.7
  570.9 0.08   7  0.2  1.9  1.8  2.1  0.1 | azure 1.9 red 1.8
  571.4 0.08   7  0.2  1.9  1.8  1.9  0.1 | azure 1.9 red 1.6
  571.9 0.12   6  0.4  1.7  1.7  1.8  0.1 | rose 1.8 azure 1.8 CUT
  572.4 0.29   0  2.1  1.7  0.0  3.4  0.4 | rose 3.1 magenta 2.4
  572.9 0.25   1  1.9  1.7  0.0  3.3  0.3 | rose 2.4 magenta 2.2
  573.4 0.23   1  1.9  1.9  0.0  3.8  0.7 | magenta 2.5 rose 2.1
  573.9 0.20   1  1.9  2.3  0.2  4.5  0.8 | magenta 2.7 red 2.4
  574.4 0.18   1  1.8  2.7  0.2  5.2  0.7 | magenta 2.8 red 2.7
  574.9 0.18   1  1.8  2.7  0.2  5.3  0.8 | magenta 3.1 red 2.8
  575.4 0.14   2  0.7  1.2  0.3  2.1  0.3 | azure 8.9 blue 5.8 CUT
  575.9 0.05  14  0.0  0.3  0.1  0.5  0.0 | azure 3.5 blue 0.9
  576.4 0.09  11  0.2  0.4  0.6  0.2  0.2 | blue 7.7 azure 4.2
  576.9 0.12   6  0.2  0.6  0.5  0.8  0.2 | blue 13.5 azure 7.4
  577.4 0.12   6  0.2  0.6  0.5  0.8  0.2 | blue 14.5 azure 7.6
  577.9 0.13   6  0.2  0.6  0.5  0.8  0.2 | blue 15.6 azure 7.9
  578.4 0.11  17  0.1  0.8  0.5  1.0  0.1 | blue 12.3 azure 6.6 CUT
  578.9 0.04  60  0.0  1.0  0.6  1.4  0.0 | azure 2.1 red 0.8
  579.4 0.04  73  0.0  0.3  0.1  0.6  0.0 | azure 0.9
  579.9 0.13  20  0.1  1.3  0.6  2.0  0.0 | azure 3.7 red 1.3
  580.4 0.15  16  0.1  1.3  0.6  2.0  0.0 | azure 3.8 red 1.3
  580.9 0.09  23  0.0  1.3  0.7  1.9  0.0 | azure 3.3 red 1.0
  581.4 0.07  42  0.4  1.3  0.3  2.3  0.0 | azure 4.2 red 1.0
  581.9 0.09  28  0.6  1.5  0.2  2.7  0.1 | azure 4.2 red 1.1
  582.4 0.14  13  1.5  1.6  0.2  2.9  0.2 | azure 3.8 red 1.3
  582.9 0.26   3  5.2  1.0  0.2  1.8  0.6 | azure 2.7 red 1.0
  583.4 0.29   1  6.0  0.8  0.2  1.4  1.3 | azure 2.4 red 0.8
  583.9 0.15  15  2.4  0.7  0.3  1.1  0.4 | azure 2.0 red 0.7 CUT
  584.4 0.05  32  0.0  0.4  0.2  0.6  0.1 | blue 1.5 azure 1.4
  584.9 0.05  30  0.0  0.4  0.2  0.6  0.1 | blue 1.5 azure 1.4
  585.4 0.06  25  0.0  0.5  0.3  0.7  0.1 | blue 1.5 azure 1.4
  585.9 0.07  23  0.0  0.4  0.3  0.6  0.1 | blue 1.5 azure 1.4
  586.4 0.05  25  0.0  0.4  0.2  0.6  0.1 | blue 1.6 azure 1.4
  586.9 0.15  12  0.1  0.7  0.6  0.9  0.2 | azure 3.8 blue 1.6 CUT
  587.4 0.23   3  0.2  0.9  0.7  1.1  0.2 | azure 6.1 blue 1.3 CUT
  587.9 0.24   3  0.2  0.9  0.7  1.1  0.3 | azure 6.8 rose 1.1 CUT
  588.4 0.14  21  0.1  0.8  0.7  0.9  0.1 | azure 4.4 blue 1.2 CUT
  588.9 0.06  27  0.0  0.7  0.6  0.8  0.0 | azure 3.7 blue 1.6 CUT
  589.4 0.05  28  0.0  0.6  0.6  0.6  0.0 | azure 3.3 blue 1.4 CUT
  589.9 0.09  13  0.0  0.7  0.4  1.1  0.0 | blue 4.6 azure 4.6
  590.4 0.15   5  0.2  0.8  0.1  1.6  0.2 | blue 22.9 azure 5.2
  590.9 0.17   9  0.7  0.6  0.1  1.1  0.7 | blue 8.7 azure 3.2 CUT
  591.4 0.32   0  1.1  1.3  0.1  2.4  1.2 | blue 3.7 red 2.6 CUT
  591.9 0.19   4  0.5  0.6  0.1  1.2  0.5 | blue 15.0 azure 3.7
  592.4 0.10  27  0.2  0.9  0.1  1.7  0.1 | azure 1.7 rose 1.1 CUT
  592.9 0.12  23  0.6  1.4  0.1  2.8  0.6 | red 1.3 rose 1.0 CUT
  593.4 0.03  44  0.0  0.3  0.2  0.4  0.1 | blue 1.5 azure 1.2
  593.9 0.04  33  0.0  0.5  0.3  0.7  0.0 | azure 1.7 blue 1.1 CUT
  594.4 0.28   0  0.4  0.1  0.0  0.2  0.0 | cyan 15.0
  594.9 0.13  22  0.1  0.9  0.4  1.4  0.0 | cyan 5.3 azure 2.4 CUT
  595.4 0.03  59  0.0  0.3  0.0  0.6  0.0 | azure 1.3 blue 0.5
  595.9 0.07  38  0.2  0.7  0.0  1.3  0.0 | azure 2.0 red 0.8
  596.4 0.02  55  0.0  0.6  0.0  1.2  0.0 | azure 0.8 red 0.7
  596.9 0.03  52  0.0  0.7  0.0  1.3  0.0 | azure 1.2 blue 0.9
  597.4 0.09   5  0.1  0.7  0.4  0.9  0.1 | azure 6.2 blue 4.3
  597.9 0.04  23  0.0  0.5  0.4  0.6  0.0 | azure 1.9 blue 0.7
  598.4 0.07   8  0.0  0.7  0.5  0.8  0.0 | azure 4.6 blue 2.6 CUT
  598.9 0.03  43  0.0  0.3  0.2  0.4  0.0 | azure 1.4 blue 0.6
  599.4 0.01  94  0.1  0.0  0.0  0.1  0.2 | 
  599.9 0.09  68  2.0  1.5  0.6  2.4  1.8 | red 2.3
  600.4 0.25  24  7.2 12.4  2.3 22.5  2.1 | red 11.7 orange 4.7
  600.9 0.01  91  0.1  0.6  0.0  1.2  0.0 | red 0.8 CUT
  601.4 0.05  43  0.0  0.7  0.0  1.5  0.0 | azure 0.8 red 0.8
  601.9 0.07  38  0.1  1.1  0.0  2.2  0.0 | red 1.2 azure 0.9 CUT
  602.4 0.07  36  0.1  0.9  0.0  1.9  0.0 | azure 1.5 red 1.1
  602.9 0.06  39  0.1  0.9  0.0  1.8  0.0 | red 1.1 azure 0.8
  603.4 0.06  37  0.1  0.9  0.0  1.8  0.0 | red 1.0 azure 0.8 CUT
  603.9 0.06  32  0.1  0.7  0.3  1.1  0.0 | azure 2.1 red 0.7 CUT
  604.4 0.09  21  0.1  0.8  0.9  0.8  0.1 | azure 4.4 blue 2.6
  604.9 0.07  30  0.0  0.6  0.6  0.7  0.0 | azure 2.5 blue 1.3
  605.4 0.08  14  0.0  0.9  0.9  0.8  0.1 | azure 5.7 blue 4.2
  605.9 0.07  36  0.1  0.4  0.4  0.4  0.2 | azure 9.0 blue 6.3 CUT
  606.4 0.06  75  0.1  0.2  0.2  0.3  0.1 | azure 0.3 CUT
  606.9 0.07  41  0.1  0.5  0.2  0.8  0.1 | azure 1.6 red 0.6
  607.4 0.04  44  0.0  0.9  0.0  1.8  0.0 | red 1.1 azure 0.8
  607.9 0.09  36  0.1  0.7  0.0  1.4  0.0 | azure 1.0 red 0.8 CUT
  608.4 0.06  41  0.1  0.6  0.0  1.2  0.0 | red 0.7 azure 0.7 CUT
  608.9 0.03  45  0.0  0.8  0.0  1.6  0.0 | red 1.0 azure 0.6
  609.4 0.05  33  0.1  0.7  0.0  1.4  0.0 | blue 2.0 azure 1.3 CUT
  609.9 0.04  38  0.0  0.8  0.0  1.6  0.0 | azure 1.1 red 1.0
  610.4 0.07  31  0.0  1.1  0.0  2.2  0.0 | red 1.3 azure 1.1
  610.9 0.08  26  0.1  1.1  0.0  2.2  0.0 | red 1.3 azure 0.9 CUT
  611.4 0.12  17  0.1  1.1  0.0  2.2  0.0 | red 1.4 azure 0.7
  611.9 0.04  38  0.0  0.9  0.0  1.7  0.0 | red 1.0 azure 0.9
  612.4 0.10  39  1.9  6.0  1.7 10.2  0.5 | red 6.1 rose 2.1 CUT
  612.9 0.07  68  0.5  0.3  0.1  0.6  0.6 | red 0.7
  613.4 0.02  89  0.1  0.1  0.1  0.1  0.1 | 
  613.9 0.00  98  0.0  0.0  0.0  0.0  0.0 | 
  614.4 0.00  98  0.0  0.0  0.0  0.0  0.0 | 
  614.9 0.00  96  0.0  0.0  0.0  0.0  0.0 | 
  615.4 0.00  89  0.0  0.0  0.0  0.0  0.0 | 
  615.9 0.00  89  0.0  0.0  0.0  0.0  0.0 | 
  616.4 0.00  89  0.0  0.0  0.0  0.0  0.0 | 
  616.9 0.00  89  0.0  0.0  0.0  0.0  0.0 | 
  617.4 0.00  89  0.0  0.0  0.0  0.0  0.0 | 
  617.9 0.00  90  0.0  0.0  0.0  0.0  0.0 | 
  618.4 0.00  90  0.0  0.0  0.0  0.0  0.0 | 
  618.9 0.00  90  0.0  0.0  0.0  0.0  0.0 | 
  619.4 0.00  90  0.0  0.0  0.0  0.0  0.0 | 
  619.9 0.00  90  0.0  0.0  0.0  0.0  0.0 | 
  620.4 0.00  91  0.0  0.0  0.0  0.0  0.0 | 
  620.9 0.00  90  0.0  0.0  0.0  0.0  0.0 | 
  621.4 0.00  90  0.0  0.0  0.0  0.0  0.0 | 
  621.9 0.00  90  0.0  0.0  0.0  0.0  0.0 | 
  622.4 0.00  90  0.0  0.0  0.0  0.0  0.0 | 
  622.9 0.00  90  0.0  0.0  0.0  0.0  0.0 | 
  623.4 0.00  90  0.0  0.0  0.0  0.0  0.0 | 
  623.9 0.00  90  0.0  0.0  0.0  0.0  0.0 | 
  624.4 0.00  90  0.0  0.0  0.0  0.0  0.0 | 
  624.9 0.00  90  0.0  0.0  0.0  0.0  0.0 | 
  625.4 0.00  90  0.0  0.0  0.0  0.0  0.0 | 
  625.9 0.00  90  0.0  0.0  0.0  0.0  0.0 | 
  626.4 0.00  90  0.0  0.0  0.0  0.0  0.0 | 
  626.9 0.00  87  0.0  0.0  0.0  0.0  0.0 | 
  627.4 0.00  90  0.0  0.0  0.0  0.0  0.0 | 
  627.9 0.00  89  0.0  0.0  0.0  0.0  0.0 | 
  628.4 0.00  89  0.0  0.0  0.0  0.0  0.0 | 
  628.9 0.00  89  0.0  0.0  0.0  0.0  0.0 | 
  629.4 0.00  89  0.0  0.0  0.0  0.0  0.0 | 
  629.9 0.00  89  0.0  0.0  0.0  0.0  0.0 | 
  630.4 0.00  89  0.0  0.0  0.0  0.0  0.0 | 
  630.9 0.00  89  0.0  0.0  0.0  0.0  0.0 | 
  631.4 0.00  89  0.0  0.0  0.0  0.0  0.0 | 
  631.9 0.00  91  0.0  0.0  0.0  0.0  0.0 | 
  632.4 0.00  91  0.0  0.0  0.0  0.0  0.0 | 
  632.9 0.00  90  0.0  0.0  0.0  0.0  0.0 | 
  633.4 0.01  89  0.0  0.1  0.0  0.1  0.0 | 
  633.9 0.01  87  0.0  0.2  0.0  0.4  0.0 | 
  634.4 0.01  87  0.0  0.2  0.0  0.4  0.0 | 
  634.9 0.01  87  0.0  0.2  0.0  0.4  0.0 | 
  635.4 0.01  88  0.0  0.1  0.0  0.2  0.0 | 
  635.9 0.01  88  0.0  0.1  0.0  0.1  0.0 | 
  636.4 0.01  88  0.0  0.1  0.0  0.1  0.0 | 
  636.9 0.01  84  0.0  0.1  0.0  0.1  0.0 | 
  637.4 0.01  88  0.0  0.1  0.0  0.2  0.0 | 
