# span 05: video 637.80-769.05 s (show time = video - 0.036). Columns per 0.5 s: luma(0-1) dark% white% fire% fireUpper% fireLower% whiteUpper% | top saturated hues (% of frame)
# camera cuts (video s): [646.0, 658.16, 660.92, 669.56, 676.04, 681.88, 685.88, 711.0, 713.04, 716.44, 717.88, 719.0, 721.28, 722.04, 723.84, 728.96, 733.04, 736.0, 738.84, 741.24]
# sudden brightening frames (flash/strobe/fireball candidates, luma +0.05 in 1/25 s): [660.88, 669.56, 673.32, 674.44, 681.88, 683.4, 685.88, 691.32, 692.44, 694.32, 711.0, 713.04, 713.08, 713.12, 719.04, 719.08, 724.2, 738.84]
  637.8 0.01  87  0.0  0.1  0.0  0.2  0.0 | 
  638.3 0.01  88  0.0  0.1  0.0  0.2  0.0 | 
  638.8 0.01  88  0.0  0.1  0.0  0.2  0.0 | 
  639.3 0.01  88  0.0  0.1  0.0  0.2  0.0 | 
  639.8 0.01  76  0.0  0.8  0.4  1.2  0.0 | red 1.0
  640.3 0.03  44  0.0  2.6  1.3  3.9  0.0 | red 3.3
  640.8 0.04  36  0.0  2.5  1.5  3.6  0.0 | red 2.8 rose 0.6
  641.3 0.04  31  0.0  2.8  1.7  3.9  0.0 | red 2.8 violet 0.9
  641.8 0.04  30  0.0  3.0  1.9  4.1  0.0 | red 3.0 rose 1.0
  642.3 0.05  29  0.0  3.5  2.4  4.5  0.0 | red 3.6 rose 1.3
  642.8 0.05  30  0.0  4.3  3.0  5.5  0.0 | red 4.3 rose 1.8
  643.3 0.06  31  0.0  5.1  3.3  6.9  0.0 | red 5.6 rose 1.5
  643.8 0.06  28  0.0  5.8  3.7  7.9  0.0 | red 7.5 rose 0.6
  644.3 0.06  25  0.0  5.9  3.9  7.9  0.0 | red 7.6 rose 0.6
  644.8 0.08  21  0.0  7.0  5.0  8.9  0.0 | red 9.1 rose 0.6
  645.3 0.12  17  0.0 10.5  7.4 13.5  0.0 | red 13.5
  645.8 0.11  16  0.1 13.4 13.3 13.6  0.1 | red 18.2 orange 0.3 CUT
  646.3 0.13   4  0.0 13.6 10.0 17.3  0.0 | red 19.1 orange 0.4
  646.8 0.13   2  0.0 15.7  7.6 23.8  0.0 | red 20.2 orange 0.4
  647.3 0.10   8  0.2  8.8  7.0 10.6  0.0 | red 13.6 orange 0.5
  647.8 0.10   8  0.2  8.1  7.5  8.6  0.0 | red 13.6 orange 0.5
  648.3 0.11   8  0.2  8.5  8.7  8.3  0.0 | red 14.4 orange 0.6
  648.8 0.11   9  0.2  9.3 10.8  7.9  0.0 | red 14.7 orange 0.5
  649.3 0.11   8  0.2 10.1 12.8  7.4  0.0 | red 14.8 orange 0.5
  649.8 0.11   9  0.2 10.5 14.3  6.8  0.0 | red 15.1 orange 0.5
  650.3 0.11   9  0.2 10.9 15.6  6.2  0.0 | red 15.6 orange 0.5
  650.8 0.11  10  0.2 11.0 16.4  5.6  0.0 | red 16.0 orange 0.4
  651.3 0.11  10  0.1 11.2 17.2  5.2  0.0 | red 16.3 orange 0.4
  651.8 0.11  10  0.2 11.3 17.3  5.2  0.0 | red 16.6 orange 0.4
  652.3 0.12   7  0.2 11.8 17.2  6.4  0.1 | red 16.8 orange 0.7
  652.8 0.11   9  0.1 11.8 17.2  6.5  0.1 | red 16.8 orange 0.6
  653.3 0.11  10  0.1 12.1 17.5  6.7  0.0 | red 17.5 orange 0.5
  653.8 0.11   9  0.0 15.8 18.0 13.7  0.0 | red 21.0 orange 0.3
  654.3 0.12   8  0.1 21.3 23.5 19.1  0.1 | red 26.7
  654.8 0.13   7  0.1 25.1 27.4 22.7  0.1 | red 30.1
  655.3 0.14   7  0.1 26.1 28.6 23.5  0.2 | red 31.3
  655.8 0.14   7  0.1 27.2 29.4 25.0  0.1 | red 32.5
  656.3 0.15   7  0.1 29.0 31.1 26.9  0.1 | red 34.3
  656.8 0.16   7  0.1 29.3 31.8 26.7  0.2 | red 35.3
  657.3 0.17   6  0.1 31.0 32.8 29.2  0.1 | red 36.8 orange 0.7
  657.8 0.14  16  0.1 24.7 23.6 25.7  0.0 | red 29.3 rose 0.6 CUT
  658.3 0.08  41  0.3  7.8  2.3 13.2  0.0 | red 8.0 rose 2.0
  658.8 0.07  49  0.3  6.7  1.5 12.0  0.0 | red 6.6 rose 2.0
  659.3 0.05  57  0.2  5.8  1.1 10.5  0.0 | red 5.3 rose 1.9
  659.8 0.04  61  0.2  4.8  1.1  8.6  0.0 | red 4.2 rose 1.8
  660.3 0.04  62  0.2  4.4  1.8  6.9  0.0 | red 3.9 rose 1.5
  660.8 0.04  60  0.1  4.7  2.3  7.0  0.0 | red 4.3 rose 1.4 CUT
  661.3 0.04  65  0.1  4.3  2.4  6.3  0.0 | red 3.9 rose 1.4
  661.8 0.03  68  0.1  4.4  2.2  6.5  0.0 | red 3.8 rose 1.6
  662.3 0.03  68  0.1  5.0  2.3  7.7  0.0 | red 4.1 rose 1.9
  662.8 0.04  67  0.2  5.4  2.4  8.5  0.0 | red 4.5 rose 2.1
  663.3 0.04  66  0.2  6.2  3.0  9.5  0.0 | red 5.5 rose 1.9
  663.8 0.04  65  0.1  7.0  3.2 10.8  0.0 | red 6.3 rose 2.1
  664.3 0.05  62  0.1  7.0  3.6 10.4  0.0 | red 6.3 rose 2.4
  664.8 0.05  62  0.2  6.9  3.3 10.5  0.0 | red 6.4 rose 2.2
  665.3 0.05  63  0.3  6.4  2.7 10.1  0.0 | red 6.3 rose 1.7
  665.8 0.04  66  0.3  6.0  2.9  9.0  0.0 | red 5.6 rose 1.6
  666.3 0.05  55  0.1  8.7  6.2 11.2  0.0 | red 7.9 rose 2.4
  666.8 0.05  55  0.0  9.1  6.9 11.4  0.1 | red 8.2 rose 2.5
  667.3 0.05  53  0.0  9.6  7.5 11.7  0.1 | red 8.8 rose 2.6
  667.8 0.08  44  0.1 12.1 10.3 14.0  0.1 | red 12.2 rose 2.3
  668.3 0.08  41  0.1 12.8 11.0 14.6  0.1 | red 12.9 rose 2.2
  668.8 0.07  39  0.1 12.5  9.9 15.1  0.1 | red 11.6 rose 2.4
  669.3 0.11  27  1.5 17.6 21.2 13.9  2.9 | red 17.5 rose 3.0 CUT
  669.8 0.15  10  2.5 25.7 37.3 14.0  3.4 | red 27.2 rose 3.2
  670.3 0.14   9  1.6 24.3 35.7 13.0  3.1 | red 25.6 rose 3.3
  670.8 0.14   4  0.6 28.3 39.2 17.4  1.2 | red 31.7 rose 2.4
  671.3 0.13   8  0.4 23.9 33.7 14.0  0.7 | red 27.6 rose 1.6
  671.8 0.14   5  0.6 26.7 40.7 12.7  1.3 | red 28.7 rose 2.6
  672.3 0.13   3  0.5 22.5 33.0 12.0  0.9 | red 23.8 rose 3.4
  672.8 0.14   3  0.2 18.7 21.9 15.4  0.3 | red 25.1 orange 0.3
  673.3 0.25   0  0.2 23.3 25.0 21.5  0.2 | red 32.1 orange 0.7
  673.8 0.23   0  0.2 26.5 32.5 20.6  0.2 | red 36.6 orange 1.1
  674.3 0.29   0  0.3 21.6 25.9 17.3  0.5 | red 28.8 orange 1.2
  674.8 0.24   2  0.3 30.4 41.6 19.2  0.6 | red 38.3 orange 1.5
  675.3 0.15   5  0.1 22.0 29.7 14.3  0.3 | red 28.3 orange 0.5
  675.8 0.15   5  0.1 17.3 17.7 16.9  0.2 | red 20.2 orange 0.8 CUT
  676.3 0.14   4  0.1 13.6 10.0 17.2  0.2 | red 15.0 rose 0.7
  676.8 0.11   5  0.1 13.9 11.2 16.6  0.2 | red 14.6 rose 1.1
  677.3 0.14   4  0.2 16.3 13.9 18.6  0.3 | red 17.8 rose 0.9
  677.8 0.13   7  0.2 16.3 14.4 18.3  0.2 | red 17.6 rose 1.3
  678.3 0.12   8  0.1 14.2 12.2 16.2  0.2 | red 14.7 rose 1.5
  678.8 0.12   7  0.1 13.6 11.2 16.1  0.2 | red 14.5 rose 1.3
  679.3 0.17   3  0.2 14.2 12.7 15.7  0.2 | red 14.8 orange 1.2
  679.8 0.16   3  0.2 14.0 11.9 16.0  0.2 | red 15.7 rose 0.6
  680.3 0.14   5  0.2 15.5 14.3 16.7  0.2 | red 17.1 rose 1.2
  680.8 0.13   6  0.1 15.8 16.0 15.7  0.2 | red 16.9 rose 1.4
  681.3 0.11   8  0.1 13.9 13.2 14.5  0.2 | red 14.3 rose 1.5
  681.8 0.15   9  0.4 24.9 29.5 20.3  0.7 | red 29.2 orange 1.8 CUT
  682.3 0.21   8  0.7 22.8 22.2 23.5  1.5 | red 30.0 orange 1.2
  682.8 0.17   8  0.6 26.5 29.5 23.4  1.1 | red 32.1 orange 2.3
  683.3 0.25   4  1.1 23.1 20.4 25.8  2.2 | red 29.6 orange 0.7
  683.8 0.22   6  1.1 28.9 32.5 25.2  2.2 | red 34.2 orange 3.4
  684.3 0.17   7  0.7 26.6 30.1 23.1  1.3 | red 31.8 orange 2.7
  684.8 0.16   7  0.5 27.4 30.1 24.8  0.8 | red 32.1 orange 1.6
  685.3 0.18   7  0.6 24.7 26.2 23.2  1.0 | red 30.5 orange 1.2
  685.8 0.26   3  1.2 19.8 16.2 23.4  2.1 | red 26.1 orange 0.5 CUT
  686.3 0.24   4  1.0 21.9 18.6 25.2  1.7 | red 29.7 orange 0.4
  686.8 0.20   4  1.0 25.5 26.9 24.1  1.8 | red 32.9 orange 0.6
  687.3 0.18   3  0.7 27.0 28.6 25.5  1.1 | red 33.4 orange 1.3
  687.8 0.20   2  0.8 30.0 31.2 28.8  1.2 | red 35.6 orange 2.8
  688.3 0.21   2  0.8 24.5 22.0 26.9  1.5 | red 33.6 orange 0.3
  688.8 0.20   2  0.6 30.1 30.1 30.1  0.9 | red 37.8 orange 1.3
  689.3 0.26   2  0.8 25.4 20.1 30.7  1.3 | red 33.2 orange 0.7
  689.8 0.22   2  0.5 31.2 27.4 34.9  0.8 | red 40.5 orange 0.4
  690.3 0.18   2  0.1 28.6 26.8 30.4  0.2 | red 36.9 orange 0.4
  690.8 0.17   2  0.1 26.7 28.2 25.1  0.1 | red 33.7 orange 0.7
  691.3 0.25   0  0.1 24.0 21.9 26.0  0.1 | red 33.1 orange 0.6
  691.8 0.20   0  0.1 23.9 22.6 25.3  0.2 | red 31.8 orange 0.4
  692.3 0.25   0  0.3 21.6 15.6 27.6  0.2 | red 28.2 orange 0.6
  692.8 0.19   0  0.3 22.6 18.2 26.9  0.2 | red 30.5 orange 0.4
  693.3 0.17   0  0.4 20.3 15.3 25.3  0.2 | red 28.1
  693.8 0.18   0  0.4 23.6 18.5 28.8  0.4 | red 32.1 orange 0.5
  694.3 0.25   0  0.2 20.6 14.9 26.3  0.3 | red 30.2 orange 0.8
  694.8 0.24   0  0.2 17.9 11.5 24.3  0.3 | red 27.7 orange 0.4
  695.3 0.22   0  0.4 21.9 21.7 22.1  0.5 | red 35.8 orange 0.6
  695.8 0.19   1  0.6 22.0 22.2 21.8  1.0 | red 32.3 orange 1.0
  696.3 0.15   1  0.2 10.7 13.5  7.9  0.4 | red 18.4 orange 0.5
  696.8 0.17   0  0.6 15.3 15.6 14.9  0.5 | red 22.2 orange 0.9
  697.3 0.21   0  0.8 19.3 19.7 19.0  1.0 | red 27.1 orange 1.1
  697.8 0.23   0  0.8 21.2 21.6 20.8  0.8 | red 31.9 orange 1.3
  698.3 0.23   0  0.8 25.8 28.0 23.6  0.8 | red 37.4 orange 1.0
  698.8 0.22   0  0.8 35.0 44.6 25.3  1.0 | red 45.2 orange 0.7
  699.3 0.20   0  0.3 30.8 45.9 15.6  0.5 | red 41.5 orange 0.6
  699.8 0.23   0  0.6 31.2 36.1 26.2  0.5 | red 44.3 orange 1.2
  700.3 0.23   0  0.4 26.3 30.0 22.7  0.5 | red 37.5 orange 1.1
  700.8 0.20   0  0.3 19.1 25.1 13.1  0.5 | red 26.2 orange 0.8
  701.3 0.18   0  0.3 17.0 25.9  8.1  0.6 | red 24.4 orange 0.6
  701.8 0.17   0  0.5 18.3 28.4  8.3  0.8 | red 25.3 orange 0.6
  702.3 0.16   0  0.4 19.1 26.6 11.6  0.7 | red 25.9 orange 0.6
  702.8 0.17   0  0.4 21.5 24.2 18.8  0.4 | red 30.3 orange 0.5
  703.3 0.23   0  0.5 27.0 29.4 24.5  0.5 | red 40.8 orange 0.7
  703.8 0.26   0  0.5 31.0 34.9 27.1  0.5 | red 45.3 orange 0.8
  704.3 0.26   0  0.4 37.4 44.8 29.9  0.3 | red 50.3 orange 1.0
  704.8 0.25   0  0.4 39.1 53.0 25.1  0.5 | red 53.1 orange 1.0
  705.3 0.23   0  0.3 36.0 49.5 22.4  0.4 | red 52.6 orange 0.8
  705.8 0.22   0  0.2 34.0 45.2 22.9  0.1 | red 48.4 orange 0.7
  706.3 0.22   0  0.4 31.8 39.2 24.4  0.1 | red 46.2 orange 1.1
  706.8 0.23   0  0.7 31.9 36.0 27.9  0.1 | red 44.8 orange 1.6
  707.3 0.25   0  0.8 39.3 42.2 36.3  0.2 | red 52.8 orange 1.7
  707.8 0.24   0  0.9 37.3 38.9 35.8  0.2 | red 49.6 orange 1.4
  708.3 0.23   0  0.8 32.1 33.5 30.8  0.3 | red 43.1 orange 1.2
  708.8 0.22   0  0.7 31.7 31.4 32.0  0.2 | red 43.1 orange 1.0
  709.3 0.20   0  0.4 25.9 27.5 24.4  0.3 | red 35.5 orange 0.8
  709.8 0.19   1  0.5 21.6 22.7 20.4  0.3 | red 27.5 orange 0.7
  710.3 0.20   0  0.4 27.9 28.8 26.9  0.3 | red 33.8 orange 0.7
  710.8 0.33   0  1.4 53.3 42.1 64.4  1.9 | red 57.2 orange 2.3 CUT
  711.3 0.37   0  1.6 68.8 47.3 90.2  2.5 | red 72.7 orange 1.4
  711.8 0.16  13  0.5 30.4 16.6 44.1  0.7 | red 34.6
  712.3 0.06  55  0.0  6.4  4.7  8.0  0.0 | red 7.5 rose 1.0
  712.8 0.19  24  0.4 29.7 15.5 43.9  0.4 | red 33.5 rose 0.4 CUT
  713.3 0.36   0  1.9 58.1 34.5 81.8  2.5 | red 65.0 orange 1.2
  713.8 0.34   0  2.0 46.6 25.7 67.5  2.6 | red 52.8 orange 1.1
  714.3 0.19  16  0.9 22.9 13.7 32.2  1.1 | red 27.0 rose 0.5
  714.8 0.09  32  0.1  9.9  7.0 12.8  0.0 | red 12.5 rose 0.7
  715.3 0.08  35  0.0  9.0  7.2 10.9  0.0 | red 11.1 rose 0.7
  715.8 0.06  41  0.1  6.0  5.2  6.7  0.0 | red 7.4 rose 0.6
  716.3 0.12  13  0.3  5.4  3.5  7.3  0.2 | red 7.4 orange 0.4 CUT
  716.8 0.10  28  0.3  1.9  1.6  2.2  0.3 | red 2.0 orange 0.6
  717.3 0.09  38  0.3  4.7  4.0  5.4  0.2 | red 5.5 rose 1.1
  717.8 0.12  19  0.1 15.5  9.7 21.2  0.0 | red 19.8 rose 0.5 CUT
  718.3 0.06  53  0.0  7.0  6.6  7.4  0.0 | red 8.3 rose 1.1
  718.8 0.19  24  0.4 29.0 16.3 41.7  0.5 | red 33.1 rose 0.4 CUT
  719.3 0.36   0  2.3 55.8 32.2 79.5  3.2 | red 63.0 orange 0.9
  719.8 0.34   0  2.5 44.8 23.8 65.9  3.5 | red 50.5 orange 0.6
  720.3 0.19  15  0.9 23.4 15.5 31.3  1.2 | red 27.9 rose 0.4
  720.8 0.10  28  0.1 11.3  9.6 13.0  0.0 | red 14.2 rose 0.7 CUT
  721.3 0.08  35  0.1  8.4  7.9  8.9  0.0 | red 10.4 rose 0.7
  721.8 0.08  31  0.1  7.9  6.5  9.4  0.1 | red 10.5 rose 0.4 CUT
  722.3 0.11  17  0.1 11.6  9.0 14.2  0.1 | red 15.0 rose 0.4
  722.8 0.10  20  0.1 12.3 10.2 14.4  0.0 | red 15.3 rose 0.5
  723.3 0.07  32  0.1  6.8  6.1  7.4  0.0 | red 8.4 rose 0.6
  723.8 0.13  11  0.4 14.2 10.2 18.1  0.5 | red 17.1 orange 0.4 CUT
  724.3 0.16   5  0.4 18.6 14.2 23.1  0.5 | red 22.0 orange 0.8
  724.8 0.19   5  0.4 25.2 21.2 29.2  0.4 | red 29.2 orange 1.0
  725.3 0.19   6  0.6 25.3 22.6 28.1  0.8 | red 29.0 orange 1.3
  725.8 0.22   9  1.2 18.0 11.3 24.7  1.7 | red 19.3 orange 3.0
  726.3 0.17  14  0.7 17.5 12.7 22.2  0.8 | red 19.3 orange 2.3
  726.8 0.15  12  0.7 18.8 15.8 21.7  0.6 | red 21.7 orange 1.1
  727.3 0.13  13  0.7 18.9 17.6 20.1  0.5 | red 22.0 orange 0.6
  727.8 0.15   9  0.6 22.0 24.4 19.7  0.5 | red 26.1 orange 0.6
  728.3 0.23   1  0.8 35.4 38.4 32.4  1.0 | red 40.4 orange 2.1
  728.8 0.15  31  0.6 14.1  8.7 19.4  0.7 | red 15.9 orange 1.8 CUT
  729.3 0.05  64  0.1  3.3  0.0  6.5  0.0 | red 4.3
  729.8 0.06  54  0.2  3.7  0.1  7.4  0.0 | red 5.3
  730.3 0.13  17  0.5 19.4  0.4 38.3  0.2 | red 23.6
  730.8 0.14  12  0.7 23.0  0.7 45.2  0.4 | red 27.5
  731.3 0.15  14  0.7 25.0  1.1 48.9  0.5 | red 29.9
  731.8 0.15  27  0.7 26.4  1.6 51.1  0.4 | red 30.9
  732.3 0.06  61  0.2  7.8  0.3 15.3  0.1 | red 9.6
  732.8 0.07  56  0.1  8.5  6.4 10.7  0.1 | red 10.4 CUT
  733.3 0.25   1  1.1 38.2 23.5 52.9  1.6 | red 44.2
  733.8 0.28   0  1.5 44.0 27.5 60.5  2.0 | red 50.5
  734.3 0.29   0  1.6 45.2 28.2 62.3  2.1 | red 51.8
  734.8 0.30   0  1.8 46.6 30.3 63.0  2.4 | red 53.3
  735.3 0.20   7  0.6 30.4 19.3 41.6  0.7 | red 35.8
  735.8 0.08  47  0.1 10.3  5.1 15.6  0.0 | red 12.4 rose 0.4 CUT
  736.3 0.19   3  0.5 30.3  0.5 60.1  0.1 | red 35.0
  736.8 0.23   0  0.8 39.2  1.5 76.9  0.5 | red 42.8
  737.3 0.23   1  0.8 39.5  2.1 77.0  0.5 | red 43.0
  737.8 0.14  17  0.4 21.2  1.1 41.4  0.3 | red 24.8
  738.3 0.04  69  0.0  4.0  0.0  7.9  0.0 | red 4.9
  738.8 0.15  11  0.6 24.2 32.1 16.4  1.1 | red 29.0 orange 1.1 CUT
  739.3 0.16   5  0.7 25.9 36.4 15.4  1.3 | red 30.9 orange 1.1
  739.8 0.16   4  0.7 25.7 37.9 13.5  1.4 | red 30.5 orange 1.2
  740.3 0.14   5  0.6 20.3 31.5  9.1  1.0 | red 24.2 orange 1.0
  740.8 0.05  42  0.1  5.0  9.2  0.9  0.1 | red 6.1 orange 0.4 CUT
  741.3 0.02  87  0.1  0.1  0.1  0.1  0.2 | 
  741.8 0.03  81  0.2  1.1  0.8  1.3  0.3 | red 1.5
  742.3 0.05  73  0.2  1.5  0.7  2.3  0.2 | red 2.0
  742.8 0.07  67  0.2  0.4  0.0  0.7  0.2 | red 0.5
  743.3 0.03  84  0.0  0.4  0.1  0.7  0.0 | red 0.4
  743.8 0.03  79  0.1  1.3  0.1  2.4  0.0 | red 1.6 rose 0.4
  744.3 0.05  76  0.1  0.3  0.0  0.5  0.1 | red 0.4
  744.8 0.04  81  0.1  0.3  0.0  0.6  0.2 | red 0.3
  745.3 0.04  77  0.1  0.9  0.0  1.8  0.1 | red 0.9 rose 0.5
  745.8 0.06  73  0.1  0.3  0.0  0.6  0.1 | red 0.3
  746.3 0.04  82  0.0  0.3  0.0  0.5  0.0 | 
  746.8 0.03  83  0.0  1.0  0.0  2.1  0.0 | red 1.2 rose 0.4
  747.3 0.05  73  0.1  0.2  0.0  0.5  0.0 | red 0.3
  747.8 0.04  80  0.2  0.2  0.0  0.4  0.2 | 
  748.3 0.05  73  0.3  0.5  0.0  1.0  0.2 | rose 0.5 red 0.4
  748.8 0.07  70  0.4  0.2  0.0  0.4  0.1 | 
  749.3 0.05  79  0.2  0.1  0.0  0.2  0.1 | 
  749.8 0.04  79  0.1  0.9  0.0  1.8  0.1 | red 1.0 rose 0.4
  750.3 0.04  83  0.1  0.1  0.0  0.3  0.1 | 
  750.8 0.03  87  0.0  0.2  0.0  0.5  0.0 | red 0.3
  751.3 0.03  83  0.0  1.2  0.1  2.4  0.0 | red 1.6 rose 0.3
  751.8 0.04  72  0.0  0.8  0.4  1.2  0.0 | red 0.9 rose 0.4
  752.3 0.04  63  0.1  1.5  1.0  2.1  0.1 | rose 1.3 red 1.2
  752.8 0.04  52  0.0  3.3  1.7  4.8  0.1 | red 3.1 rose 1.9
  753.3 0.05  54  0.1  1.7  2.1  1.3  0.0 | rose 1.8 red 1.1
  753.8 0.04  65  0.1  1.3  1.9  0.8  0.0 | rose 1.6 red 0.6
  754.3 0.03  72  0.1  1.2  1.1  1.3  0.1 | rose 1.1 red 0.8
  754.8 0.04  78  0.1  0.4  0.4  0.4  0.1 | red 0.3 rose 0.3
  755.3 0.02  89  0.0  0.2  0.1  0.3  0.0 | 
  755.8 0.02  89  0.0  0.5  0.0  1.0  0.0 | red 0.6
  756.3 0.03  85  0.1  0.2  0.0  0.3  0.0 | 
  756.8 0.02  87  0.0  0.1  0.0  0.3  0.1 | 
  757.3 0.02  86  0.0  0.4  0.0  0.9  0.0 | red 0.5
  757.8 0.03  84  0.0  0.1  0.0  0.3  0.0 | 
  758.3 0.02  89  0.0  0.1  0.0  0.3  0.0 | 
  758.8 0.01  89  0.0  0.5  0.0  1.0  0.0 | red 0.6
  759.3 0.02  89  0.0  0.1  0.0  0.2  0.0 | 
  759.8 0.02  91  0.0  0.1  0.0  0.3  0.0 | 
  760.3 0.02  87  0.1  0.3  0.0  0.5  0.0 | 
  760.8 0.04  82  0.1  0.2  0.0  0.4  0.0 | 
  761.3 0.02  88  0.0  0.1  0.0  0.3  0.0 | 
  761.8 0.02  90  0.0  0.4  0.0  0.7  0.0 | red 0.4
  762.3 0.01  92  0.0  0.2  0.0  0.3  0.0 | 
  762.8 0.00  97  0.0  0.1  0.0  0.2  0.0 | 
  763.3 0.01  93  0.0  0.2  0.0  0.4  0.0 | 
  763.8 0.01  86  0.0  0.3  0.2  0.5  0.0 | 
  764.3 0.02  79  0.0  0.6  0.5  0.8  0.0 | rose 0.6 red 0.5
  764.8 0.02  71  0.0  1.0  0.8  1.3  0.0 | rose 0.9 red 0.8
  765.3 0.02  71  0.0  0.7  1.0  0.4  0.0 | rose 0.7 red 0.4
  765.8 0.03  58  0.0  2.0  1.4  2.7  0.0 | red 2.2 rose 0.8
  766.3 0.03  61  0.0  1.5  1.1  2.0  0.0 | red 1.8 rose 0.6
  766.8 0.03  72  0.0  1.0  0.4  1.6  0.0 | red 1.0 rose 0.3
  767.3 0.04  76  0.0  0.8  0.1  1.6  0.0 | red 0.7 orange 0.6
  767.8 0.02  88  0.0  0.6  0.0  1.1  0.0 | red 0.8
  768.3 0.02  83  0.0  0.8  0.0  1.5  0.0 | red 0.9
  768.8 0.02  83  0.0  0.5  0.0  1.0  0.0 | red 0.6
