# span 06: video 769.05-886.08 s (show time = video - 0.036). Columns per 0.5 s: luma(0-1) dark% white% fire% fireUpper% fireLower% whiteUpper% | top saturated hues (% of frame)
# camera cuts (video s): [783.88, 787.0, 792.16, 793.72, 795.24, 795.76, 796.76, 798.0, 798.48, 799.32, 799.76, 800.88, 801.84, 802.32, 802.76, 804.96, 805.76, 806.52, 807.28, 808.0, 808.8, 809.52, 810.24, 811.76, 812.52, 813.2, 813.88, 816.96, 820.0, 822.84, 828.96, 832.64, 834.88, 844.64, 846.84, 849.68, 855.8, 861.92, 864.2, 865.0, 873.76, 877.0]
# sudden brightening frames (flash/strobe/fireball candidates, luma +0.05 in 1/25 s): [787.0, 792.16, 793.68, 794.84, 795.2, 796.72, 796.76, 797.88, 799.32, 799.64, 799.68, 800.84, 801.2, 801.24, 801.72, 802.32, 802.72, 802.76, 804.32, 804.96, 805.0, 805.76, 806.12, 806.52, 807.28, 808.0, 808.8, 811.76, 812.52, 813.24, 813.28, 813.6, 820.0, 828.96, 832.64, 832.68, 844.64, 844.68, 873.76, 876.84, 876.88, 876.96, 877.0]
  769.0 0.02  84  0.0  0.4  0.0  0.7  0.0 | red 0.5
  769.5 0.03  82  0.0  0.6  0.0  1.2  0.0 | red 0.6
  770.0 0.04  75  0.0  0.5  0.0  1.0  0.0 | red 0.5
  770.5 0.04  78  0.0  0.7  0.0  1.3  0.0 | red 0.7 orange 0.3
  771.0 0.01  89  0.0  0.8  0.0  1.6  0.0 | red 0.9
  771.5 0.01  91  0.0  0.4  0.1  0.7  0.0 | red 0.5
  772.0 0.01  89  0.0  0.5  0.9  0.2  0.1 | red 0.6
  772.5 0.02  86  0.1  0.6  0.8  0.3  0.1 | red 0.7
  773.0 0.02  87  0.1  0.5  0.7  0.3  0.1 | red 0.6
  773.5 0.02  83  0.1  0.6  0.8  0.3  0.1 | red 0.8
  774.0 0.02  83  0.1  0.5  0.7  0.3  0.1 | red 0.8
  774.5 0.02  86  0.1  0.5  0.8  0.3  0.1 | red 0.7
  775.0 0.03  79  0.1  0.6  0.7  0.5  0.2 | red 0.8
  775.5 0.03  76  0.1  0.8  0.6  1.0  0.3 | red 1.0
  776.0 0.03  78  0.1  0.6  0.5  0.8  0.2 | red 0.8
  776.5 0.04  67  0.1  0.6  0.5  0.7  0.2 | red 0.9
  777.0 0.04  71  0.1  0.6  0.4  0.7  0.2 | red 0.8
  777.5 0.03  74  0.1  0.6  0.3  0.9  0.1 | red 0.8
  778.0 0.05  60  0.1  1.0  0.0  2.0  0.0 | red 1.3
  778.5 0.04  62  0.1  1.1  0.0  2.3  0.1 | red 1.5
  779.0 0.05  61  0.1  1.2  0.0  2.4  0.1 | red 1.5
  779.5 0.06  57  0.1  1.3  0.0  2.5  0.1 | red 1.6
  780.0 0.06  55  0.1  1.3  0.0  2.7  0.1 | red 1.8
  780.5 0.06  56  0.1  1.4  0.0  2.7  0.1 | red 1.7
  781.0 0.06  52  0.1  1.5  0.0  3.0  0.1 | red 1.9
  781.5 0.07  49  0.1  2.3  0.0  4.5  0.1 | red 3.0
  782.0 0.08  46  0.1  1.5  0.0  3.0  0.1 | red 2.2
  782.5 0.09  43  0.1  2.1  0.0  4.2  0.2 | red 3.0
  783.0 0.10  39  0.2  3.4  0.0  6.8  0.1 | red 4.6
  783.5 0.11  43  0.4  1.5  0.1  2.9  0.4 | red 2.8 CUT
  784.0 0.11  47  0.9  0.5  0.4  0.5  1.3 | red 0.9
  784.5 0.20  32  2.4  2.2  2.2  2.2  3.6 | red 3.8
  785.0 0.27  25  3.5  3.3  3.1  3.5  5.9 | red 5.3
  785.5 0.30  22  4.1  3.6  3.0  4.3  7.2 | red 5.7
  786.0 0.31  20  4.5  3.4  2.8  3.9  7.8 | red 5.2
  786.5 0.30  20  3.6  4.1  2.8  5.5  6.8 | red 6.7 CUT
  787.0 0.33   4  2.3 11.7  3.0 20.3  4.4 | red 16.7
  787.5 0.32   4  0.8 25.5 21.4 29.6  1.3 | red 36.0 orange 0.4
  788.0 0.32   0  1.3 56.4 62.1 50.7  1.4 | red 65.3 orange 1.4
  788.5 0.30   0  1.4 54.5 54.5 54.6  1.4 | red 63.3 orange 1.1
  789.0 0.27   0  1.3 48.9 44.5 53.4  1.2 | red 57.3 orange 1.0
  789.5 0.05  55  0.2  4.1  1.7  6.5  0.2 | red 5.1
  790.0 0.02  85  0.0  0.0  0.0  0.1  0.0 | 
  790.5 0.01  90  0.0  0.2  0.0  0.3  0.0 | 
  791.0 0.01  91  0.0  0.3  0.0  0.6  0.0 | red 0.3
  791.5 0.01  91  0.1  0.1  0.0  0.2  0.0 | azure 0.7
  792.0 0.04  77  0.3  0.0  0.0  0.0  0.0 | azure 1.6 CUT
  792.5 0.02  85  0.0  0.5  0.0  1.1  0.0 | red 0.8
  793.0 0.05  63  0.1  1.6  0.0  3.3  0.0 | red 2.3
  793.5 0.08  54  0.6  1.4  0.0  2.8  0.0 | red 1.5 rose 0.5 CUT
  794.0 0.05  61  0.0  1.6  0.0  3.2  0.0 | red 2.1
  794.5 0.06  61  0.1  1.6  0.0  3.2  0.0 | red 2.2
  795.0 0.09  48  0.7  1.4  0.0  2.9  0.0 | red 1.6 azure 0.6 CUT
  795.5 0.07  54  0.1  1.5  0.0  3.1  0.0 | red 2.1 CUT
  796.0 0.05  63  0.1  1.6  0.0  3.2  0.0 | red 2.1
  796.5 0.08  51  0.6  1.3  0.0  2.6  0.0 | red 1.3 rose 0.7 CUT
  797.0 0.05  62  0.0  1.5  0.0  2.9  0.0 | red 1.8
  797.5 0.08  44  0.2  1.5  0.1  3.0  0.0 | red 1.9 rose 0.3 CUT
  798.0 0.07  52  0.1  0.0  0.0  0.0  0.0 |  CUT
  798.5 0.02  81  0.0  0.1  0.0  0.3  0.0 | 
  799.0 0.06  55  0.1  1.4  0.1  2.7  0.0 | red 1.7 azure 0.3 CUT
  799.5 0.13  35  0.7  1.7  0.1  3.2  0.0 | red 1.9 rose 0.6 CUT
  800.0 0.05  51  0.0  1.6  0.1  3.1  0.0 | red 2.2
  800.5 0.07  38  0.1  2.0  0.2  3.9  0.0 | red 2.7 CUT
  801.0 0.14  32  0.7  1.5  0.2  2.9  0.0 | red 1.7 rose 0.5
  801.5 0.09  27  0.1  1.9  0.3  3.5  0.0 | red 2.5 rose 0.3 CUT
  802.0 0.07  42  0.1  1.7  0.1  3.4  0.0 | red 2.2 CUT
  802.5 0.13  30  0.7  2.5  0.4  4.6  0.0 | red 2.9 rose 0.5 CUT
  803.0 0.06  47  0.0  3.0  0.2  5.8  0.0 | red 4.0
  803.5 0.01  80  0.0  0.0  0.0  0.0  0.0 | azure 2.4 blue 0.7
  804.0 0.04  29  0.0  0.0  0.0  0.0  0.0 | azure 7.2 blue 1.8
  804.5 0.09  29  0.1  0.5  0.2  0.7  0.1 | azure 2.7 blue 1.8 CUT
  805.0 0.11  42  0.1  0.3  0.1  0.6  0.2 | red 0.4
  805.5 0.05  65  0.1  0.4  0.4  0.5  0.1 | red 0.5 CUT
  806.0 0.05  58  0.1  0.7  0.3  1.0  0.1 | red 0.8 CUT
  806.5 0.03  79  0.0  0.2  0.1  0.3  0.0 | 
  807.0 0.05  74  0.2  1.6  0.4  2.8  0.1 | red 2.3 CUT
  807.5 0.05  67  0.3  1.0  0.6  1.5  0.3 | red 1.4 CUT
  808.0 0.05  55  0.1  0.5  0.0  0.9  0.0 | red 0.7
  808.5 0.07  46  0.1  0.8  0.4  1.3  0.1 | red 1.3 CUT
  809.0 0.06  38  0.1  0.9  0.4  1.4  0.1 | red 1.0 CUT
  809.5 0.06  42  0.1  0.7  0.1  1.3  0.0 | red 1.2
  810.0 0.07  27  0.1  0.0  0.0  0.0  0.0 | azure 21.1 blue 5.2 CUT
  810.5 0.07  20  0.1  0.1  0.0  0.1  0.0 | azure 13.9 blue 8.3
  811.0 0.04  75  0.1  0.5  0.1  0.8  0.0 | red 0.6
  811.5 0.06  60  0.1  0.7  0.5  0.9  0.1 | red 0.9 CUT
  812.0 0.04  74  0.0  0.5  0.3  0.6  0.0 | red 0.5 CUT
  812.5 0.05  67  0.1  0.7  0.2  1.2  0.0 | red 1.0
  813.0 0.18  29  0.3 11.1  9.5 12.8  0.5 | red 14.2 CUT
  813.5 0.15  30  0.2 15.6 13.5 17.8  0.4 | red 19.5 CUT
  814.0 0.07  41  0.0  8.2  4.0 12.5  0.0 | red 9.8 rose 0.7
  814.5 0.03  75  0.0  2.7  1.1  4.4  0.0 | red 3.2 rose 0.4
  815.0 0.02  79  0.0  1.8  0.8  2.8  0.0 | red 2.2
  815.5 0.04  39  0.1  4.2  1.3  7.0  0.0 | red 5.0 rose 0.3
  816.0 0.05  34  0.1  5.7  1.5 10.0  0.0 | red 6.8 rose 0.4
  816.5 0.07  33  0.1  9.5  2.0 17.0  0.0 | red 11.6 CUT
  817.0 0.06  47  0.1  5.5  3.8  7.2  0.0 | red 7.3
  817.5 0.08  36  0.0  6.1  4.3  8.0  0.1 | red 8.2 orange 0.3
  818.0 0.06  42  0.0  2.8  1.6  4.1  0.0 | red 3.7 orange 0.3
  818.5 0.07  37  0.1  7.7  5.9  9.4  0.1 | red 9.0 rose 1.2
  819.0 0.09  16  0.1 17.9 14.9 20.9  0.2 | red 14.1 rose 8.3
  819.5 0.10  13  0.1 18.6 14.7 22.5  0.1 | red 15.5 rose 8.7 CUT
  820.0 0.18   8  0.1 41.6 35.6 47.7  0.2 | red 40.1 rose 8.2
  820.5 0.22   7  0.2 42.9 34.7 51.0  0.1 | red 47.7 rose 2.7
  821.0 0.18   8  0.1 22.7 14.1 31.3  0.0 | red 29.2
  821.5 0.18   5  0.2 36.1 30.6 41.6  0.2 | red 35.0 rose 8.8
  822.0 0.22   1  0.4 61.6 58.9 64.3  0.7 | red 33.4 rose 33.0
  822.5 0.18   6  0.3 50.7 40.8 60.6  0.3 | red 29.9 rose 25.0 CUT
  823.0 0.18  10  0.4 35.4 15.2 55.7  0.1 | red 37.1 rose 2.4
  823.5 0.18  12  0.4 30.0 13.0 47.1  0.1 | red 32.1 rose 1.9
  824.0 0.18  14  0.3 27.7 10.5 44.9  0.2 | red 28.8 rose 2.3
  824.5 0.14  21  0.1 21.6  7.5 35.6  0.1 | red 21.3 orange 2.1
  825.0 0.06  46  0.0  3.8  2.8  4.9  0.0 | red 4.0 rose 1.0
  825.5 0.02  67  0.0  0.7  0.4  0.9  0.0 | red 0.6
  826.0 0.01  84  0.0  0.5  1.0  0.1  0.0 | red 0.5
  826.5 0.03  71  0.0  3.0  3.9  2.1  0.0 | red 3.3 rose 0.5
  827.0 0.10  54  0.2 15.9 12.0 19.8  0.4 | red 12.6 orange 5.4
  827.5 0.10  55  0.3 16.7 11.8 21.6  0.5 | red 12.2 orange 6.6
  828.0 0.10  59  0.2 14.6  9.2 20.1  0.4 | red 10.4 orange 6.4
  828.5 0.08  56  0.1 12.6 14.0 11.2  0.1 | red 14.4 orange 1.3 CUT
  829.0 0.18   1  0.1 28.5 41.2 15.7  0.1 | red 37.5 rose 0.7
  829.5 0.14   2  0.1 22.8 34.8 10.7  0.1 | red 17.7 rose 14.3
  830.0 0.07   5  0.0  7.1  9.0  5.1  0.0 | red 5.4 rose 4.5
  830.5 0.06  19  0.1  3.8  3.1  4.5  0.2 | red 4.2 rose 1.1
  831.0 0.07  16  0.2  3.5  3.9  3.1  0.4 | red 4.4 rose 0.7
  831.5 0.16   5  0.5 15.9 23.5  8.3  0.9 | red 20.5 rose 1.0
  832.0 0.25   0  1.0 28.9 45.1 12.7  0.4 | red 35.1 rose 3.7
  832.5 0.31   0  0.5 15.8 27.9  3.8  0.3 | rose 22.3 red 4.3 CUT
  833.0 0.08   5  0.1  6.1  7.7  4.6  0.2 | rose 5.2 red 4.4
  833.5 0.07  13  0.1  4.0  4.0  4.0  0.3 | red 4.7 rose 1.0
  834.0 0.10  11  0.5  7.0  9.0  5.1  0.9 | red 9.7 rose 0.4
  834.5 0.15   1  0.5 14.1 20.4  7.8  0.8 | red 19.9 rose 0.7 CUT
  835.0 0.12   0  0.2  8.5 13.1  4.0  0.3 | red 8.5 rose 4.5
  835.5 0.17   1  1.2  5.8 10.0  1.7  0.5 | rose 5.3 red 4.0
  836.0 0.21   2  2.0 10.8 18.8  2.8  0.2 | red 13.8 rose 1.5
  836.5 0.14   2  0.4 16.7 27.5  5.8  0.0 | red 20.8 rose 2.8
  837.0 0.09   5  0.0 11.5 18.7  4.3  0.0 | red 12.7 rose 3.3
  837.5 0.06   9  0.0  5.9  9.7  2.1  0.0 | red 4.3 rose 3.7
  838.0 0.02  67  0.0  1.2  0.4  2.0  0.0 | rose 1.1 red 0.7
  838.5 0.03  58  0.0  0.6  0.6  0.6  0.0 | red 0.7 blue 0.5
  839.0 0.05  41  0.0  3.5  3.7  3.2  0.0 | red 4.2 rose 1.0
  839.5 0.05  34  0.0  6.0  5.4  6.6  0.0 | red 7.2 rose 1.1
  840.0 0.04  44  0.0  4.9  4.9  4.9  0.0 | red 6.2 rose 0.5
  840.5 0.06  47  0.0 10.0  4.5 15.5  0.0 | red 12.3 rose 0.6
  841.0 0.07  49  0.0  9.8  4.3 15.2  0.0 | red 10.5 rose 1.8
  841.5 0.05  54  0.0  6.5  3.6  9.4  0.0 | rose 5.5 red 3.2
  842.0 0.02  68  0.0  0.8  0.7  1.0  0.0 | rose 1.3
  842.5 0.01  85  0.0  0.4  0.0  0.8  0.0 | red 0.5
  843.0 0.02  78  0.0  0.4  0.0  0.8  0.0 | red 0.6
  843.5 0.03  72  0.1  0.5  0.0  1.1  0.0 | red 0.7
  844.0 0.06  62  0.3  1.7  0.3  3.1  0.1 | red 2.6
  844.5 0.16  25  0.7  4.5  1.0  7.9  0.1 | red 5.7 rose 1.0 CUT
  845.0 0.06  51  0.2  8.0  2.7 13.3  0.0 | red 7.8 rose 2.8
  845.5 0.03  57  0.0  4.2  2.1  6.3  0.0 | rose 3.2 red 2.9
  846.0 0.02  67  0.0  0.9  0.4  1.3  0.0 | red 0.8 rose 0.6
  846.5 0.04  50  0.1  3.2  1.7  4.7  0.0 | red 3.8 rose 0.4 CUT
  847.0 0.11  11  0.3 12.0  8.9 15.0  0.3 | red 14.7 rose 0.5
  847.5 0.10  12  0.2  9.2  6.9 11.4  0.1 | red 12.1 rose 0.6
  848.0 0.10  11  0.2 11.1  8.5 13.7  0.1 | red 14.8 rose 0.7
  848.5 0.13   7  0.3 22.8 19.2 26.5  0.1 | red 29.8 rose 0.4
  849.0 0.14   7  0.2 35.2 42.7 27.7  0.1 | red 43.3 rose 0.4
  849.5 0.06  58  0.1 13.7 15.0 12.5  0.0 | red 13.4 rose 3.7 CUT
  850.0 0.02  75  0.0  1.5  1.2  1.8  0.0 | rose 2.7 magenta 0.9
  850.5 0.03  69  0.1  1.3  1.6  1.0  0.0 | red 1.5 rose 0.8
  851.0 0.04  61  0.1  2.7  2.8  2.6  0.0 | red 3.2 rose 1.8
  851.5 0.03  62  0.0  3.6  3.1  4.1  0.0 | red 4.5 rose 1.5
  852.0 0.03  69  0.0  4.2  2.7  5.7  0.0 | red 4.9 rose 1.3
  852.5 0.02  76  0.0  1.8  0.9  2.6  0.0 | red 2.2 rose 0.6
  853.0 0.02  73  0.0  0.5  0.2  0.8  0.0 | red 0.6
  853.5 0.02  81  0.0  0.6  0.0  1.1  0.0 | red 0.8
  854.0 0.02  78  0.0  0.8  0.0  1.5  0.0 | red 0.9
  854.5 0.02  81  0.0  0.9  0.0  1.7  0.0 | red 1.1
  855.0 0.03  78  0.0  1.0  0.1  1.9  0.0 | red 1.3
  855.5 0.05  51  0.1  3.8  1.8  5.8  0.0 | red 3.5 rose 1.3 CUT
  856.0 0.06  65  0.6  7.8  3.3 12.4  0.1 | red 8.6
  856.5 0.07  66  1.1  6.9  4.3  9.4  0.1 | red 7.5 azure 0.5
  857.0 0.08  45  0.4  7.3  4.0 10.6  0.1 | red 6.9 rose 2.0
  857.5 0.06  64  0.6  7.3  5.4  9.1  0.1 | red 7.8 rose 0.5
  858.0 0.05  70  0.7  3.0  1.9  4.2  0.0 | red 3.4 azure 0.4
  858.5 0.03  74  0.0  1.2  0.1  2.3  0.0 | red 1.6
  859.0 0.02  78  0.0  1.1  0.1  2.1  0.0 | red 1.4
  859.5 0.03  76  0.0  1.1  0.1  2.1  0.0 | red 1.4
  860.0 0.03  74  0.0  1.2  0.2  2.3  0.0 | red 1.6
  860.5 0.02  77  0.0  1.1  0.1  2.2  0.0 | red 1.5
  861.0 0.03  75  0.0  1.0  0.1  1.8  0.0 | red 1.3
  861.5 0.04  60  0.0  2.3  1.5  3.1  0.0 | red 3.1 CUT
  862.0 0.06  43  0.0  4.9  5.1  4.7  0.0 | red 5.8
  862.5 0.08  36  0.0 13.7 11.9 15.6  0.0 | red 16.7
  863.0 0.04  61  0.0  5.2  6.0  4.5  0.0 | red 6.7
  863.5 0.02  76  0.0  1.3  1.0  1.6  0.0 | red 1.6
  864.0 0.04  60  0.0  4.3  4.0  4.7  0.0 | red 5.4 CUT
  864.5 0.07  47  0.2  6.9  7.5  6.3  0.3 | red 8.6 CUT
  865.0 0.06  74  1.1  2.4  3.0  1.8  2.3 | red 3.3 orange 0.3
  865.5 0.04  79  0.4  1.9  3.6  0.2  0.8 | red 2.7
  866.0 0.03  85  0.0  1.6  3.0  0.2  0.1 | red 2.1
  866.5 0.02  88  0.0  1.3  2.4  0.2  0.0 | red 1.7
  867.0 0.01  89  0.0  1.3  2.2  0.4  0.0 | red 1.6
  867.5 0.01  89  0.0  1.3  2.0  0.6  0.0 | red 1.6
  868.0 0.01  89  0.0  1.3  1.9  0.8  0.0 | red 1.7
  868.5 0.02  85  0.0  2.2  2.0  2.4  0.0 | red 2.5
  869.0 0.09  64  0.3 11.4  3.8 19.0  0.3 | red 8.9 orange 4.9
  869.5 0.10  62  0.4 13.3  3.9 22.7  0.4 | red 10.6 orange 5.5
  870.0 0.10  62  0.4 13.1  3.4 22.7  0.3 | red 10.5 orange 5.5
  870.5 0.05  73  0.1  5.6  1.6  9.6  0.1 | red 5.0 orange 1.9
  871.0 0.02  83  0.1  2.0  1.5  2.6  0.2 | rose 2.1 red 1.1
  871.5 0.03  80  0.1  2.5  1.5  3.5  0.3 | rose 4.3 red 0.4
  872.0 0.03  79  0.2  2.7  1.4  3.9  0.4 | rose 4.6 red 0.7
  872.5 0.04  77  0.4  3.8  2.3  5.3  0.7 | rose 3.8 red 2.3
  873.0 0.04  76  0.5  4.5  3.1  5.8  0.8 | red 4.2 rose 1.9
  873.5 0.16  30  0.6 28.1 20.1 36.2  0.7 | red 32.1 rose 0.8 CUT
  874.0 0.24   1  0.9 41.3 26.6 56.0  1.3 | red 47.2 rose 1.0
  874.5 0.26   1  0.9 40.8 23.7 57.9  1.3 | red 46.4 rose 1.2
  875.0 0.23   4  0.9 38.5 24.6 52.5  1.1 | red 43.1 rose 0.7
  875.5 0.22   6  0.8 38.5 25.8 51.1  1.2 | red 43.1
  876.0 0.15  18  0.3 28.3 22.0 34.6  0.6 | red 32.8
  876.5 0.22  25  3.6 27.3 18.1 36.4  5.5 | red 30.6 orange 0.4 CUT
  877.0 0.69   0 18.1 54.9 29.0 80.8 32.4 | red 40.7 orange 19.6
  877.5 0.52   0  4.1 70.8 64.7 76.9  8.1 | red 47.8 orange 28.8
  878.0 0.22   2  0.1 38.1 53.8 22.5  0.1 | red 42.6 orange 3.1
  878.5 0.12   7  0.0 18.9 19.8 18.0  0.0 | red 23.2 rose 0.9
  879.0 0.13  10  0.0 22.2 23.8 20.7  0.0 | red 26.2 rose 0.7
  879.5 0.10  28  0.0 15.0 16.6 13.4  0.0 | red 17.9 rose 0.4
  880.0 0.07  45  0.0  9.7 11.0  8.4  0.0 | red 11.4
  880.5 0.04  62  0.0  6.0  7.4  4.5  0.0 | red 6.9
  881.0 0.02  82  0.0  1.8  2.5  1.0  0.0 | red 2.3
  881.5 0.00  98  0.0  0.0  0.0  0.0  0.0 | 
  882.0 0.00 100  0.0  0.0  0.0  0.0  0.0 | 
  882.5 0.00 100  0.0  0.0  0.0  0.0  0.0 | 
  883.0 0.00 100  0.0  0.0  0.0  0.0  0.0 | 
  883.5 0.00 100  0.0  0.0  0.0  0.0  0.0 | 
  884.0 0.00 100  0.0  0.0  0.0  0.0  0.0 | 
  884.5 0.00 100  0.0  0.0  0.0  0.0  0.0 | 
  885.0 0.00 100  0.0  0.0  0.0  0.0  0.0 | 
  885.5 0.00 100  0.0  0.0  0.0  0.0  0.0 | 
  886.0 0.00 100  0.0  0.0  0.0  0.0  0.0 | 
