# span 07: video 886.08-1098.37 s (show time = video - 0.036). Columns per 0.5 s: luma(0-1) dark% white% fire% fireUpper% fireLower% whiteUpper% | top saturated hues (% of frame)
# camera cuts (video s): [932.48, 933.92, 938.92, 944.52, 968.88, 972.36, 975.72, 984.84, 1006.04, 1010.92, 1011.4, 1011.84, 1012.56, 1012.96, 1013.44, 1013.92, 1014.32, 1014.8, 1026.96, 1031.88, 1040.92, 1043.92, 1045.84, 1046.36, 1048.64, 1056.24, 1056.76, 1057.4, 1058.44, 1063.8, 1067.96, 1075.28, 1077.72, 1092.28]
# sudden brightening frames (flash/strobe/fireball candidates, luma +0.05 in 1/25 s): [932.48, 934.0, 967.04, 1010.92, 1011.16, 1011.28, 1011.4, 1011.44, 1011.56, 1011.68, 1011.8, 1011.84, 1011.96, 1012.08, 1012.2, 1012.24, 1012.36, 1012.48, 1012.6, 1012.64, 1012.76, 1012.88, 1013.0, 1013.04, 1013.16, 1013.28, 1013.4, 1013.44, 1013.56, 1013.68, 1013.8, 1013.84, 1013.92, 1013.96, 1014.2, 1014.32, 1014.36, 1014.48, 1014.96, 1040.92, 1046.36, 1046.4, 1059.32, 1063.8, 1092.28]
  886.1 0.00 100  0.0  0.0  0.0  0.0  0.0 | 
  886.6 0.00 100  0.0  0.0  0.0  0.0  0.0 | 
  887.1 0.00 100  0.0  0.0  0.0  0.0  0.0 | 
  887.6 0.01  99  0.1  0.0  0.0  0.0  0.0 | 
  888.1 0.01  99  0.1  0.0  0.0  0.0  0.0 | 
  888.6 0.01  98  0.1  0.0  0.0  0.0  0.0 | 
  889.1 0.01  98  0.1  0.0  0.0  0.1  0.0 | 
  889.6 0.01  98  0.1  0.0  0.0  0.1  0.0 | 
  890.1 0.01  98  0.1  0.0  0.0  0.1  0.0 | 
  890.6 0.01  98  0.1  0.0  0.0  0.1  0.0 | 
  891.1 0.01  98  0.1  0.0  0.0  0.1  0.0 | 
  891.6 0.01  98  0.1  0.0  0.0  0.0  0.0 | 
  892.1 0.01  98  0.1  0.0  0.0  0.0  0.0 | 
  892.6 0.01  98  0.1  0.0  0.0  0.0  0.0 | 
  893.1 0.01  98  0.0  0.0  0.0  0.0  0.0 | 
  893.6 0.00  99  0.0  0.0  0.0  0.1  0.0 | 
  894.1 0.00  99  0.0  0.0  0.0  0.1  0.0 | 
  894.6 0.00  98  0.0  0.1  0.0  0.1  0.0 | 
  895.1 0.00  98  0.0  0.1  0.0  0.2  0.0 | 
  895.6 0.00  98  0.0  0.1  0.0  0.2  0.0 | 
  896.1 0.00  98  0.0  0.1  0.0  0.2  0.0 | 
  896.6 0.00  98  0.0  0.1  0.0  0.2  0.0 | 
  897.1 0.00  98  0.0  0.1  0.0  0.2  0.0 | 
  897.6 0.00  98  0.0  0.1  0.0  0.2  0.0 | 
  898.1 0.00  98  0.0  0.1  0.0  0.1  0.0 | 
  898.6 0.00  98  0.0  0.1  0.0  0.2  0.0 | 
  899.1 0.00  98  0.0  0.1  0.0  0.1  0.0 | 
  899.6 0.00  98  0.0  0.1  0.0  0.1  0.0 | 
  900.1 0.01  98  0.0  0.1  0.0  0.2  0.0 | 
  900.6 0.01  97  0.0  0.1  0.0  0.2  0.0 | 
  901.1 0.01  97  0.0  0.1  0.0  0.2  0.0 | 
  901.6 0.01  96  0.0  0.1  0.1  0.2  0.0 | 
  902.1 0.01  96  0.0  0.2  0.1  0.2  0.0 | 
  902.6 0.01  96  0.0  0.2  0.1  0.2  0.0 | 
  903.1 0.01  96  0.0  0.2  0.1  0.2  0.0 | 
  903.6 0.01  95  0.0  0.2  0.1  0.2  0.0 | 
  904.1 0.01  95  0.0  0.2  0.1  0.2  0.0 | 
  904.6 0.01  95  0.0  0.2  0.1  0.2  0.0 | 
  905.1 0.01  95  0.0  0.2  0.1  0.2  0.0 | 
  905.6 0.01  95  0.0  0.2  0.1  0.2  0.0 | 
  906.1 0.01  95  0.0  0.2  0.1  0.2  0.0 | spring 0.3
  906.6 0.01  95  0.0  0.2  0.1  0.2  0.0 | spring 0.4
  907.1 0.01  95  0.0  0.2  0.2  0.3  0.0 | spring 0.5
  907.6 0.01  95  0.0  0.2  0.2  0.3  0.0 | spring 0.6
  908.1 0.01  94  0.0  0.2  0.2  0.3  0.0 | spring 0.7 red 0.3
  908.6 0.01  94  0.0  0.3  0.3  0.3  0.0 | spring 0.7 red 0.4
  909.1 0.01  94  0.0  0.3  0.3  0.3  0.0 | spring 0.6 red 0.3
  909.6 0.01  93  0.0  0.3  0.3  0.3  0.0 | spring 0.5 red 0.4
  910.1 0.01  93  0.0  0.2  0.2  0.3  0.0 | spring 0.4 red 0.3
  910.6 0.01  93  0.0  0.2  0.2  0.3  0.0 | spring 0.4 red 0.3
  911.1 0.01  93  0.0  0.2  0.2  0.3  0.0 | spring 0.4
  911.6 0.02  92  0.0  0.2  0.2  0.3  0.0 | spring 0.4
  912.1 0.02  92  0.0  0.2  0.2  0.2  0.0 | spring 0.5
  912.6 0.02  92  0.0  0.2  0.2  0.3  0.0 | spring 0.4
  913.1 0.02  91  0.0  0.2  0.2  0.2  0.0 | spring 0.4
  913.6 0.02  92  0.0  0.2  0.2  0.2  0.0 | spring 0.4
  914.1 0.02  92  0.0  0.2  0.2  0.2  0.0 | spring 0.4
  914.6 0.01  92  0.0  0.2  0.2  0.2  0.0 | spring 0.3
  915.1 0.02  92  0.0  0.2  0.2  0.2  0.0 | spring 0.3
  915.6 0.02  92  0.0  0.2  0.2  0.2  0.0 | spring 0.4
  916.1 0.02  92  0.0  0.2  0.2  0.3  0.0 | spring 0.4
  916.6 0.02  92  0.0  0.2  0.2  0.3  0.0 | spring 0.4
  917.1 0.02  92  0.0  0.2  0.2  0.2  0.0 | spring 0.3
  917.6 0.02  92  0.0  0.2  0.2  0.2  0.0 | spring 0.3
  918.1 0.02  92  0.0  0.2  0.2  0.2  0.0 | spring 0.4
  918.6 0.02  91  0.0  0.2  0.2  0.2  0.0 | spring 0.4
  919.1 0.02  91  0.0  0.2  0.2  0.2  0.0 | spring 0.5
  919.6 0.02  91  0.0  0.2  0.2  0.2  0.0 | spring 0.5
  920.1 0.02  91  0.0  0.2  0.2  0.2  0.0 | spring 0.4
  920.6 0.02  92  0.0  0.2  0.2  0.2  0.0 | spring 0.4
  921.1 0.02  93  0.0  0.2  0.2  0.2  0.0 | spring 0.4
  921.6 0.01  93  0.0  0.2  0.2  0.2  0.0 | 
  922.1 0.01  93  0.0  0.2  0.2  0.2  0.0 | 
  922.6 0.01  93  0.0  0.2  0.2  0.2  0.0 | spring 0.3 red 0.3
  923.1 0.01  93  0.0  0.2  0.2  0.2  0.0 | spring 0.3
  923.6 0.01  93  0.0  0.2  0.2  0.2  0.0 | spring 0.3
  924.1 0.01  93  0.0  0.2  0.2  0.2  0.0 | spring 0.4
  924.6 0.02  93  0.0  0.2  0.2  0.2  0.0 | spring 0.4 red 0.3
  925.1 0.02  93  0.0  0.2  0.3  0.2  0.0 | spring 0.4
  925.6 0.02  93  0.0  0.2  0.2  0.2  0.0 | spring 0.4
  926.1 0.02  92  0.0  0.2  0.2  0.1  0.0 | spring 0.4
  926.6 0.02  92  0.0  0.2  0.2  0.2  0.0 | spring 0.4
  927.1 0.02  93  0.0  0.2  0.2  0.2  0.0 | spring 0.4
  927.6 0.02  92  0.0  0.2  0.2  0.2  0.0 | spring 0.5
  928.1 0.02  93  0.0  0.2  0.3  0.2  0.0 | spring 0.5 red 0.3
  928.6 0.02  93  0.0  0.2  0.3  0.2  0.0 | spring 0.5 red 0.3
  929.1 0.02  92  0.0  0.2  0.3  0.2  0.0 | spring 0.6 red 0.3
  929.6 0.02  92  0.0  0.2  0.3  0.2  0.0 | spring 0.6 red 0.3
  930.1 0.02  92  0.0  0.2  0.3  0.2  0.0 | spring 0.6
  930.6 0.02  91  0.0  0.2  0.3  0.2  0.0 | spring 0.5
  931.1 0.02  89  0.0  0.2  0.3  0.2  0.0 | spring 0.5
  931.6 0.03  82  0.2  0.2  0.3  0.2  0.0 | spring 0.6
  932.1 0.07  66  1.5  0.2  0.2  0.1  0.6 | spring 0.5 CUT
  932.6 0.24  18  6.7  0.0  0.0  0.0  2.5 | azure 1.2
  933.1 0.26  14  7.7  0.0  0.0  0.0  1.9 | azure 2.0
  933.6 0.24  25  5.4  0.0  0.0  0.0  0.5 | azure 1.1 CUT
  934.1 0.26  27  2.3  0.0  0.0  0.0  0.5 | azure 0.7
  934.6 0.27  14  4.8  0.1  0.1  0.0  0.5 | azure 2.0
  935.1 0.28   7  5.8  0.5  1.1  0.0  1.5 | azure 2.0 red 0.5
  935.6 0.26  11  3.9  1.5  3.0  0.1  2.7 | red 1.5 azure 1.2
  936.1 0.21  19  2.4  0.9  1.7  0.1  3.1 | red 0.8 azure 0.4
  936.6 0.16  29  1.3  0.3  0.5  0.2  1.8 | cyan 0.9 azure 0.5
  937.1 0.14  39  0.7  1.7  3.2  0.3  1.1 | red 1.7 cyan 0.8
  937.6 0.15  43  0.3  3.9  7.3  0.6  0.4 | red 3.7 orange 1.5
  938.1 0.14  44  0.1  5.5 10.0  1.0  0.1 | red 4.5 orange 2.6
  938.6 0.14  46  0.3  4.4  8.0  0.8  0.3 | red 3.8 orange 1.9 CUT
  939.1 0.13  59  0.9  0.3  0.4  0.3  0.6 | red 0.4
  939.6 0.13  59  0.9  0.4  0.4  0.3  0.6 | red 0.4
  940.1 0.13  60  0.9  0.3  0.3  0.3  0.6 | red 0.4
  940.6 0.13  60  1.0  0.3  0.3  0.2  0.6 | red 0.3
  941.1 0.13  60  1.0  0.2  0.2  0.2  0.6 | red 0.3
  941.6 0.13  60  1.0  0.2  0.2  0.2  0.6 | red 0.3
  942.1 0.13  60  1.1  0.2  0.1  0.2  0.6 | 
  942.6 0.13  61  1.1  0.2  0.2  0.2  0.6 | red 0.3
  943.1 0.13  61  1.1  0.2  0.2  0.2  0.6 | red 0.3
  943.6 0.13  62  1.2  0.3  0.3  0.2  0.6 | red 0.4 orange 0.3
  944.1 0.13  53  1.0  0.9  1.5  0.3  0.5 | red 0.7 orange 0.7 CUT
  944.6 0.17   1  0.0  5.0  9.3  0.6  0.0 | orange 3.6 red 3.2
  945.1 0.16  10  0.0  5.2  9.7  0.7  0.1 | red 3.6 orange 3.3
  945.6 0.14  38  0.0  6.4 12.2  0.6  0.1 | red 4.9 orange 3.2
  946.1 0.13  48  0.0  6.6 12.7  0.6  0.1 | red 5.3 orange 3.0
  946.6 0.13  51  0.0  6.5 12.4  0.6  0.1 | red 5.3 orange 2.8
  947.1 0.12  55  0.0  6.4 12.3  0.6  0.1 | red 5.2 orange 2.8
  947.6 0.10  63  0.0  4.6  8.7  0.5  0.0 | red 3.7 orange 2.1
  948.1 0.08  67  0.0  3.5  6.6  0.4  0.1 | red 2.9 orange 1.6
  948.6 0.05  74  0.0  2.2  4.3  0.2  0.0 | red 2.0 orange 0.9
  949.1 0.02  82  0.0  0.4  0.8  0.1  0.0 | red 0.6
  949.6 0.02  82  0.0  0.4  0.7  0.1  0.0 | red 0.6
  950.1 0.04  76  0.0  1.8  3.4  0.1  0.0 | red 1.7 orange 0.5
  950.6 0.08  67  0.0  3.7  7.2  0.3  0.1 | red 3.0 orange 1.6
  951.1 0.10  63  0.1  4.8  9.3  0.3  0.1 | red 3.9 orange 2.2
  951.6 0.12  57  0.1  6.7 13.1  0.3  0.1 | red 5.4 orange 2.8
  952.1 0.12  54  0.1  7.0 13.7  0.3  0.1 | red 5.6 orange 2.9
  952.6 0.13  54  0.1  6.9 13.6  0.3  0.1 | red 5.5 orange 3.0
  953.1 0.13  54  0.1  7.0 13.6  0.3  0.2 | red 5.6 orange 2.9
  953.6 0.12  56  0.1  7.0 13.8  0.3  0.2 | red 5.6 orange 2.9
  954.1 0.10  61  0.1  4.7  9.1  0.3  0.1 | red 3.7 orange 2.1
  954.6 0.09  65  0.1  3.8  7.5  0.2  0.1 | red 3.0 orange 1.7
  955.1 0.05  74  0.0  1.9  3.7  0.2  0.0 | red 1.9 orange 0.6
  955.6 0.03  79  0.0  0.8  1.4  0.1  0.0 | red 0.9
  956.1 0.07  69  0.1  3.1  6.0  0.2  0.1 | red 2.7 orange 1.1
  956.6 0.10  62  0.1  4.6  8.9  0.4  0.1 | red 3.7 orange 2.0
  957.1 0.12  57  0.1  6.6 12.8  0.4  0.1 | red 5.3 orange 2.9
  957.6 0.13  54  0.1  8.1 15.8  0.5  0.1 | red 6.3 orange 3.4
  958.1 0.13  54  0.1  8.1 15.7  0.5  0.1 | red 6.1 orange 3.8
  958.6 0.14  54  0.1  8.1 15.8  0.4  0.1 | red 5.9 orange 3.9
  959.1 0.13  54  0.1  7.7 15.0  0.4  0.1 | red 6.0 orange 3.6
  959.6 0.13  55  0.1  7.5 14.5  0.4  0.1 | red 6.0 orange 3.1
  960.1 0.11  58  0.1  5.3 10.1  0.4  0.1 | red 4.2 orange 2.2
  960.6 0.09  62  0.0  4.3  8.3  0.3  0.1 | red 3.6 orange 1.6
  961.1 0.05  70  0.0  2.2  4.2  0.2  0.0 | red 2.2 orange 0.6
  961.6 0.03  81  0.1  0.6  0.6  0.5  0.0 | orange 0.5 red 0.4
  962.1 0.03  86  0.1  0.2  0.2  0.3  0.1 | 
  962.6 0.01  92  0.0  0.0  0.0  0.0  0.0 | 
  963.1 0.03  85  0.1  0.5  0.6  0.5  0.1 | orange 0.7
  963.6 0.03  82  0.1  0.6  0.6  0.5  0.1 | orange 0.8
  964.1 0.03  83  0.0  0.5  0.6  0.3  0.1 | orange 0.6
  964.6 0.10  60  0.3  4.0  4.7  3.3  0.5 | orange 5.3
  965.1 0.03  87  0.0  0.2  0.3  0.1  0.0 | 
  965.6 0.02  90  0.0  0.1  0.2  0.0  0.0 | 
  966.1 0.02  91  0.0  0.1  0.2  0.1  0.0 | spring 0.4
  966.6 0.02  89  0.1  0.1  0.2  0.1  0.0 | spring 0.4
  967.1 0.10  69  0.7  0.2  0.1  0.3  0.3 | 
  967.6 0.10  68  0.7  0.2  0.2  0.3  0.3 | 
  968.1 0.10  68  0.8  0.2  0.3  0.2  0.3 | 
  968.6 0.07  74  0.5  0.3  0.5  0.1  0.2 | red 0.3 CUT
  969.1 0.04  80  0.0  0.7  1.1  0.4  0.0 | red 0.8 green 0.4
  969.6 0.05  74  0.0  1.1  1.5  0.6  0.0 | red 1.0 green 0.7
  970.1 0.06  73  0.0  1.2  1.5  0.8  0.0 | red 1.1 green 0.8
  970.6 0.06  72  0.0  1.4  1.8  1.0  0.0 | red 1.2 green 0.9
  971.1 0.06  71  0.0  1.4  1.9  1.0  0.0 | red 1.3 green 0.9
  971.6 0.06  72  0.0  1.4  1.8  1.0  0.0 | red 1.2 green 0.8
  972.1 0.08  70  0.3  0.8  1.0  0.5  0.2 | red 0.7 green 0.4 CUT
  972.6 0.10  65  0.7  0.2  0.3  0.1  0.3 | 
  973.1 0.10  65  0.7  0.2  0.3  0.1  0.3 | 
  973.6 0.09  65  0.7  0.2  0.2  0.2  0.4 | 
  974.1 0.09  65  0.7  0.2  0.2  0.2  0.4 | 
  974.6 0.09  64  0.7  0.1  0.1  0.1  0.3 | 
  975.1 0.09  64  0.8  0.1  0.0  0.1  0.3 | 
  975.6 0.05  76  0.2  0.8  0.2  1.3  0.1 | red 0.8 orange 0.3 CUT
  976.1 0.05  77  0.0  1.4  0.5  2.2  0.0 | red 1.3 orange 0.6
  976.6 0.07  70  0.0  2.3  1.7  3.0  0.0 | red 2.2 orange 0.9
  977.1 0.08  66  0.0  2.7  2.2  3.3  0.0 | red 2.6 orange 0.9
  977.6 0.08  66  0.0  2.8  2.3  3.3  0.0 | red 2.7 orange 0.9
  978.1 0.08  68  0.0  2.5  2.0  3.0  0.0 | red 2.5 orange 0.9
  978.6 0.06  72  0.0  1.6  0.7  2.4  0.0 | red 1.6 orange 0.6
  979.1 0.05  74  0.0  1.3  0.5  2.2  0.0 | red 1.3 orange 0.5
  979.6 0.04  77  0.0  0.9  0.5  1.3  0.0 | red 0.9 orange 0.3
  980.1 0.03  82  0.0  0.3  0.2  0.5  0.0 | red 0.5
  980.6 0.03  81  0.0  0.5  0.5  0.5  0.0 | red 0.6
  981.1 0.03  80  0.0  0.6  0.7  0.4  0.0 | red 0.7
  981.6 0.03  81  0.0  0.3  0.1  0.4  0.0 | red 0.4
  982.1 0.03  81  0.0  0.4  0.2  0.5  0.0 | red 0.5
  982.6 0.04  77  0.0  0.9  0.7  1.0  0.0 | red 0.9
  983.1 0.05  74  0.0  1.2  0.8  1.5  0.0 | red 1.2 orange 0.4
  983.6 0.07  69  0.0  2.0  1.9  2.2  0.0 | red 1.9 orange 0.8
  984.1 0.09  62  0.0  3.1  3.6  2.7  0.0 | red 2.9 orange 1.0
  984.6 0.12  56  0.1  6.4 11.1  1.7  0.1 | red 5.3 orange 2.3 CUT
  985.1 0.13  52  0.1  9.6 18.4  0.8  0.1 | red 7.4 orange 3.7
  985.6 0.12  56  0.1  8.2 15.7  0.7  0.1 | red 6.2 orange 3.5
  986.1 0.11  59  0.0  7.2 13.8  0.6  0.1 | red 5.5 orange 2.9
  986.6 0.07  66  0.0  4.4  8.5  0.4  0.1 | red 4.0 orange 1.3
  987.1 0.03  77  0.0  1.0  1.7  0.2  0.0 | red 1.1
  987.6 0.03  77  0.0  0.8  1.3  0.2  0.0 | red 0.9
  988.1 0.05  70  0.0  3.1  5.8  0.3  0.0 | red 3.1 orange 0.6
  988.6 0.10  60  0.1  5.8 11.0  0.6  0.1 | red 4.7 orange 2.2
  989.1 0.12  57  0.1  6.4 12.1  0.8  0.1 | red 5.0 orange 2.8
  989.6 0.13  54  0.1  7.7 14.6  0.7  0.2 | red 6.3 orange 2.9
  990.1 0.14  52  0.1  7.5 14.3  0.8  0.1 | red 6.3 orange 2.9
  990.6 0.14  51  0.1  7.3 14.1  0.6  0.2 | red 6.0 orange 2.9
  991.1 0.14  52  0.1  7.2 13.8  0.6  0.1 | red 5.9 orange 2.8
  991.6 0.13  55  0.1  6.3 12.0  0.6  0.1 | red 5.1 orange 2.5
  992.1 0.11  58  0.1  5.0  9.6  0.4  0.1 | red 4.2 orange 2.0
  992.6 0.08  63  0.1  3.3  6.3  0.3  0.1 | red 3.0 green 1.2
  993.1 0.03  75  0.0  0.9  1.6  0.2  0.0 | red 1.0
  993.6 0.03  76  0.0  0.6  1.1  0.1  0.0 | red 0.7
  994.1 0.07  66  0.0  3.0  5.9  0.2  0.0 | red 2.8 orange 0.8
  994.6 0.11  58  0.0  4.6  8.9  0.3  0.1 | red 4.0 orange 1.7
  995.1 0.12  54  0.1  6.2 12.1  0.4  0.1 | red 5.3 orange 2.5
  995.6 0.14  50  0.1  7.6 14.8  0.5  0.1 | red 6.1 orange 3.1
  996.1 0.14  47  0.1  7.9 15.2  0.6  0.1 | red 6.0 orange 3.5
  996.6 0.15  46  0.1  7.7 14.8  0.6  0.1 | red 5.5 orange 3.8
  997.1 0.14  48  0.1  7.5 14.3  0.7  0.1 | red 5.2 orange 3.8
  997.6 0.12  57  0.1  5.6 10.2  1.0  0.1 | red 3.7 orange 3.2
  998.1 0.10  63  0.0  4.1  7.4  0.8  0.1 | red 2.6 orange 2.4
  998.6 0.06  72  0.0  2.5  4.5  0.4  0.0 | red 2.1 orange 1.1
  999.1 0.02  82  0.0  0.5  0.8  0.1  0.0 | red 0.6
  999.6 0.02  84  0.0  0.3  0.6  0.1  0.0 | red 0.5
 1000.1 0.02  84  0.0  0.3  0.5  0.0  0.0 | red 0.5
 1000.6 0.02  85  0.0  0.3  0.5  0.1  0.0 | red 0.4
 1001.1 0.02  85  0.0  0.2  0.4  0.1  0.0 | red 0.4
 1001.6 0.02  85  0.0  0.2  0.4  0.1  0.0 | red 0.4
 1002.1 0.03  81  0.0  1.0  1.4  0.6  0.0 | red 1.0
 1002.6 0.06  76  0.0  2.0  2.6  1.3  0.0 | red 1.7 orange 0.9
 1003.1 0.07  73  0.0  2.5  3.3  1.8  0.0 | red 2.1 orange 1.2
 1003.6 0.09  65  0.0  4.3  6.5  2.0  0.0 | red 3.6 orange 1.7
 1004.1 0.11  61  0.0  4.9  7.6  2.2  0.0 | red 4.1 orange 1.9
 1004.6 0.10  62  0.0  4.7  7.2  2.2  0.0 | red 3.8 orange 2.0
 1005.1 0.10  64  0.0  4.2  6.5  2.0  0.0 | red 3.3 orange 1.9
 1005.6 0.09  65  0.0  3.9  5.7  2.2  0.0 | red 3.2 orange 1.8 CUT
 1006.1 0.06  72  0.0  3.3  1.7  4.8  0.0 | red 3.9 spring 0.6
 1006.6 0.06  72  0.0  2.9  1.7  4.1  0.0 | red 3.7 spring 0.6
 1007.1 0.06  71  0.0  2.9  1.8  4.1  0.0 | red 3.6 spring 0.6
 1007.6 0.06  69  0.0  3.1  1.8  4.5  0.0 | red 3.8 spring 0.6
 1008.1 0.06  69  0.0  3.2  1.7  4.7  0.0 | red 3.8 spring 0.6
 1008.6 0.06  69  0.0  3.2  1.8  4.5  0.0 | red 3.8 spring 0.6
 1009.1 0.07  69  0.0  3.1  1.7  4.5  0.0 | red 3.7 spring 0.6
 1009.6 0.07  68  0.0  3.1  1.7  4.5  0.0 | red 3.7 spring 0.5
 1010.1 0.07  68  0.0  3.1  1.7  4.6  0.0 | red 3.7 spring 0.6
 1010.6 0.08  61  0.0  2.4  1.3  3.5  0.0 | red 2.9 cyan 1.7 CUT
 1011.1 0.26   4  0.4  0.3  0.2  0.4  0.3 | azure 21.8 cyan 7.8 CUT
 1011.6 0.29   2  0.4  0.2  0.1  0.3  0.3 | azure 24.8 cyan 8.2 CUT
 1012.1 0.30   2  0.4  0.2  0.1  0.4  0.3 | azure 25.2 cyan 9.2 CUT
 1012.6 0.30   2  0.4  0.2  0.1  0.3  0.3 | azure 25.8 cyan 9.3 CUT
 1013.1 0.29   2  0.4  0.3  0.2  0.4  0.3 | azure 24.2 cyan 8.6 CUT
 1013.6 0.30   2  0.4  0.2  0.1  0.3  0.3 | azure 25.1 cyan 9.3 CUT
 1014.1 0.25   3  0.2  0.3  0.2  0.5  0.3 | azure 17.9 cyan 11.0 CUT
 1014.6 0.09  34  0.0  0.3  0.3  0.4  0.0 | cyan 2.4 azure 1.7 CUT
 1015.1 0.02  87  0.0  0.1  0.1  0.1  0.0 | orange 0.5
 1015.6 0.01  95  0.0  0.0  0.0  0.0  0.0 | 
 1016.1 0.00  98  0.0  0.0  0.0  0.0  0.0 | 
 1016.6 0.00  99  0.0  0.0  0.0  0.0  0.0 | 
 1017.1 0.01  93  0.1  0.0  0.0  0.1  0.0 | 
 1017.6 0.02  89  0.2  0.0  0.0  0.1  0.2 | 
 1018.1 0.01  93  0.1  0.0  0.0  0.0  0.1 | 
 1018.6 0.01  96  0.0  0.0  0.0  0.0  0.0 | 
 1019.1 0.01  95  0.0  0.0  0.0  0.0  0.0 | 
 1019.6 0.00  97  0.0  0.0  0.0  0.0  0.0 | 
 1020.1 0.00  99  0.0  0.0  0.0  0.0  0.0 | 
 1020.6 0.04  70  0.0  0.3  0.2  0.5  0.0 | orange 0.7
 1021.1 0.06  56  0.0  0.5  0.3  0.7  0.0 | orange 0.9
 1021.6 0.06  65  0.0  1.2  2.0  0.3  0.0 | orange 1.7
 1022.1 0.04  75  0.0  0.4  0.7  0.0  0.0 | orange 0.6
 1022.6 0.00  99  0.0  0.0  0.0  0.0  0.0 | 
 1023.1 0.03  82  0.0  0.7  0.8  0.7  0.0 | red 0.8
 1023.6 0.10  50  0.0  2.4  2.2  2.7  0.0 | red 2.4 orange 0.9
 1024.1 0.12  47  0.0  3.5  3.3  3.6  0.0 | red 3.0 orange 1.7
 1024.6 0.12  48  0.0  3.3  3.3  3.2  0.0 | red 2.8 orange 1.6
 1025.1 0.17  31  0.0  3.5  3.4  3.6  0.1 | red 3.2 orange 1.7
 1025.6 0.20  21  0.1  4.1  3.8  4.4  0.1 | red 3.6 orange 2.2
 1026.1 0.18  29  0.0  4.0  4.0  4.0  0.0 | red 3.7 orange 1.9
 1026.6 0.17  30  0.0  4.6  4.9  4.3  0.0 | red 4.1 orange 2.0 CUT
 1027.1 0.16  37  0.0  7.7  8.7  6.7  0.0 | red 6.2 orange 3.7
 1027.6 0.15  40  0.0  7.9  8.8  7.0  0.0 | red 6.4 orange 3.7
 1028.1 0.16  40  0.0  8.0  8.9  7.1  0.0 | red 6.6 orange 3.6
 1028.6 0.16  39  0.0  8.2  9.0  7.5  0.0 | red 6.7 orange 3.9
 1029.1 0.16  37  0.0  8.5  9.1  8.0  0.0 | red 6.8 orange 4.1
 1029.6 0.17  36  0.0  8.8  9.3  8.3  0.0 | red 7.1 orange 4.2
 1030.1 0.17  35  0.0  9.1  9.5  8.6  0.1 | red 7.0 orange 4.5
 1030.6 0.18  33  0.0  9.3  9.7  8.9  0.1 | red 7.2 orange 4.5
 1031.1 0.18  32  0.0  9.6 10.1  9.2  0.1 | red 7.5 orange 4.8
 1031.6 0.14  45  0.0  7.4  7.4  7.3  0.0 | red 5.8 orange 3.5 CUT
 1032.1 0.07  58  0.0  8.5  3.7 13.3  0.1 | red 7.9 orange 2.5
 1032.6 0.10  51  0.1 13.3  2.9 23.7  0.1 | red 12.0 orange 4.2
 1033.1 0.03  77  0.0  1.8  0.3  3.2  0.0 | red 1.7 orange 0.6
 1033.6 0.06  65  0.1  5.3  0.5 10.0  0.0 | red 5.2 orange 1.5
 1034.1 0.01  84  0.0  0.6  0.1  1.0  0.0 | red 0.5
 1034.6 0.02  83  0.0  0.9  0.0  1.8  0.0 | red 0.8 orange 0.5
 1035.1 0.02  82  0.0  0.6  0.1  1.1  0.0 | red 0.6
 1035.6 0.02  82  0.0  1.1  0.4  1.7  0.0 | red 1.1
 1036.1 0.02  82  0.0  1.3  0.4  2.1  0.0 | red 1.3 orange 0.4
 1036.6 0.04  72  0.0  3.5  2.9  4.1  0.0 | red 3.9 rose 0.8
 1037.1 0.04  76  0.1  2.2  2.4  1.9  0.0 | red 2.6 rose 0.7
 1037.6 0.04  72  0.0  1.7  0.4  3.0  0.0 | red 2.0 rose 0.6
 1038.1 0.03  71  0.0  1.6  1.0  2.2  0.0 | red 1.9 rose 0.4
 1038.6 0.05  64  0.0  5.0  4.4  5.6  0.0 | red 5.2 orange 1.1
 1039.1 0.04  70  0.1  3.6  3.0  4.3  0.3 | red 3.8 orange 0.8
 1039.6 0.04  74  0.2  2.9  2.0  3.7  0.5 | red 3.1 rose 0.5
 1040.1 0.07  60  0.1  6.9  3.9 10.0  0.1 | red 7.3 orange 2.0
 1040.6 0.10  39  0.2 11.7  3.3 20.1  0.0 | red 13.6 orange 2.0 CUT
 1041.1 0.14  10  0.1 19.0  0.6 37.4  0.0 | red 21.0 rose 3.4
 1041.6 0.11  19  0.1 15.0  0.3 29.7  0.0 | red 17.4 rose 2.3
 1042.1 0.01  88  0.0  0.2  0.0  0.4  0.0 | 
 1042.6 0.00  96  0.0  0.1  0.0  0.2  0.0 | 
 1043.1 0.00  97  0.0  0.1  0.0  0.1  0.0 | 
 1043.6 0.02  79  0.0  1.4  0.4  2.5  0.0 | red 1.8 CUT
 1044.1 0.10  24  0.6  7.6  8.4  6.8  0.8 | rose 7.7 red 3.8
 1044.6 0.12  12  0.9  8.9  9.3  8.5  1.0 | rose 10.3 violet 4.9
 1045.1 0.13  10  1.0  9.5 10.0  9.1  1.2 | rose 11.5 violet 5.4
 1045.6 0.09  18  0.5  5.5  6.1  5.0  0.6 | rose 6.9 violet 4.1 CUT
 1046.1 0.17  16  0.2 15.0  6.7 23.4  0.1 | red 17.7 blue 2.4 CUT
 1046.6 0.25   0  0.2  7.6  3.8 11.4  0.2 | red 12.3 violet 3.3
 1047.1 0.10  16  0.0  1.4  1.8  0.9  0.0 | blue 3.3 violet 2.7
 1047.6 0.04  37  0.0  0.9  1.3  0.6  0.0 | blue 3.5 violet 2.1
 1048.1 0.04  39  0.0  0.9  1.2  0.6  0.0 | blue 3.4 violet 2.0
 1048.6 0.10  12  0.1  7.4  2.1 12.7  0.0 | red 7.2 rose 3.7 CUT
 1049.1 0.03  52  0.0  1.1  1.2  0.9  0.0 | blue 2.1 rose 1.1
 1049.6 0.02  68  0.0  1.0  1.3  0.7  0.0 | blue 1.6 rose 1.0
 1050.1 0.01  84  0.0  0.5  0.8  0.3  0.0 | blue 1.0 azure 0.7
 1050.6 0.00  98  0.0  0.0  0.1  0.0  0.0 | 
 1051.1 0.01  97  0.0  0.2  0.0  0.5  0.0 | 
 1051.6 0.01  89  0.0  0.0  0.0  0.1  0.0 | azure 2.4
 1052.1 0.01  81  0.0  0.0  0.0  0.0  0.0 | azure 6.3 blue 0.3
 1052.6 0.01  71  0.0  0.0  0.0  0.0  0.0 | azure 11.4
 1053.1 0.02  62  0.0  0.0  0.0  0.0  0.0 | azure 16.5
 1053.6 0.02  57  0.0  0.0  0.0  0.0  0.0 | azure 21.6
 1054.1 0.03  31  0.0  0.0  0.0  0.0  0.0 | azure 24.3
 1054.6 0.03  14  0.0  0.0  0.0  0.0  0.0 | azure 28.9 blue 0.7
 1055.1 0.04  16  0.0  0.0  0.0  0.0  0.0 | blue 13.3 azure 13.2
 1055.6 0.01  61  0.0  0.0  0.0  0.0  0.0 | blue 4.3 azure 4.0
 1056.1 0.02  54  0.0  0.0  0.0  0.0  0.0 | blue 14.4 violet 1.1 CUT
 1056.6 0.02  61  0.0  0.0  0.0  0.0  0.0 | blue 12.7 violet 1.3 CUT
 1057.1 0.02  50  0.0  0.0  0.0  0.0  0.0 | blue 14.1 violet 0.7 CUT
 1057.6 0.01  68  0.0  0.0  0.0  0.0  0.0 | blue 3.5
 1058.1 0.02  89  0.0  0.0  0.0  0.0  0.0 | green 0.8 CUT
 1058.6 0.03  87  0.0  0.0  0.0  0.0  0.0 | green 1.5
 1059.1 0.12  49  0.0  0.0  0.0  0.0  0.0 | green 8.5
 1059.6 0.01  86  0.0  0.0  0.0  0.0  0.0 | 
 1060.1 0.00  90  0.0  0.0  0.0  0.0  0.0 | 
 1060.6 0.00  91  0.0  0.0  0.0  0.0  0.0 | 
 1061.1 0.00  98  0.0  0.0  0.0  0.0  0.0 | 
 1061.6 0.01  86  0.0  0.0  0.0  0.0  0.0 | cyan 0.6
 1062.1 0.02  80  0.0  0.0  0.0  0.0  0.0 | cyan 0.9 azure 0.4
 1062.6 0.09  48  0.0  0.0  0.0  0.0  0.0 | cyan 1.9 spring 0.9
 1063.1 0.02  50  0.0  0.0  0.0  0.0  0.0 | azure 8.3
 1063.6 0.09  12  0.0  0.0  0.0  0.0  0.0 | azure 42.3 cyan 4.3 CUT
 1064.1 0.17   0  0.0  0.0  0.0  0.0  0.0 | azure 47.8 cyan 14.0
 1064.6 0.16   0  0.0  0.0  0.0  0.0  0.0 | azure 42.4 cyan 13.6
 1065.1 0.13   0  0.0  0.0  0.0  0.0  0.0 | azure 26.9 cyan 11.6
 1065.6 0.10   0  0.0  0.0  0.0  0.0  0.0 | azure 14.4 cyan 10.7
 1066.1 0.10   3  0.0  0.0  0.0  0.0  0.0 | cyan 10.6 azure 9.6
 1066.6 0.10   9  0.0  0.0  0.0  0.0  0.0 | cyan 10.7 azure 7.4
 1067.1 0.10  16  0.0  0.0  0.0  0.0  0.0 | cyan 10.4 azure 4.9
 1067.6 0.08  35  0.0  0.0  0.0  0.0  0.0 | cyan 7.1 azure 2.2 CUT
 1068.1 0.02  81  0.0  0.0  0.0  0.0  0.0 | cyan 0.5
 1068.6 0.02  81  0.0  0.0  0.0  0.0  0.0 | cyan 0.4
 1069.1 0.02  81  0.0  0.0  0.0  0.0  0.0 | cyan 0.4
 1069.6 0.01  81  0.0  0.0  0.0  0.0  0.0 | azure 0.3
 1070.1 0.01  84  0.0  0.0  0.0  0.0  0.0 | azure 0.6
 1070.6 0.00 100  0.0  0.0  0.0  0.0  0.0 | 
 1071.1 0.00  99  0.0  0.0  0.0  0.0  0.0 | 
 1071.6 0.00  99  0.0  0.0  0.0  0.0  0.0 | 
 1072.1 0.00  99  0.0  0.0  0.0  0.0  0.0 | 
 1072.6 0.00  99  0.0  0.0  0.0  0.0  0.0 | 
 1073.1 0.00  99  0.0  0.0  0.0  0.0  0.0 | 
 1073.6 0.00  99  0.0  0.0  0.0  0.0  0.0 | 
 1074.1 0.00  99  0.0  0.0  0.0  0.0  0.0 | 
 1074.6 0.06  37  0.1  0.9  0.8  1.0  0.0 | blue 2.4 rose 1.6
 1075.1 0.21   3  0.6  1.8  1.3  2.3  0.8 | blue 3.6 rose 3.0 CUT
 1075.6 0.31   0  1.7  1.9  1.2  2.5  3.2 | rose 2.3 blue 1.9
 1076.1 0.19   3  0.5  2.1  1.5  2.7  0.7 | blue 3.8 rose 3.4
 1076.6 0.11  10  0.2  1.4  1.0  1.9  0.2 | blue 4.3 rose 2.5
 1077.1 0.09  13  0.2  1.4  0.9  1.8  0.2 | blue 4.0 rose 2.3
 1077.6 0.08  41  0.2  1.4  0.2  2.7  0.0 | red 1.6 blue 1.3 CUT
 1078.1 0.20  18  1.0  2.7  0.0  5.4  0.0 | red 4.1
 1078.6 0.14  30  0.4  1.8  0.0  3.6  0.3 | red 2.8
 1079.1 0.06  54  0.0  1.1  0.0  2.2  0.1 | red 1.4 blue 0.4
 1079.6 0.03  66  0.0  1.0  0.0  1.9  0.0 | red 1.1 blue 0.4
 1080.1 0.02  68  0.0  0.9  0.0  1.7  0.0 | red 1.0 azure 0.4
 1080.6 0.02  70  0.0  0.6  0.0  1.2  0.0 | red 0.7 azure 0.5
 1081.1 0.03  73  0.0  0.2  0.0  0.5  0.0 | azure 0.8 rose 0.3
 1081.6 0.04  72  0.2  0.3  0.0  0.7  0.0 | azure 0.8 rose 0.4
 1082.1 0.04  71  0.1  0.4  0.0  0.7  0.0 | azure 0.8 rose 0.5
 1082.6 0.03  71  0.0  0.3  0.0  0.7  0.0 | azure 0.8 rose 0.4
 1083.1 0.04  70  0.1  0.3  0.0  0.5  0.0 | azure 0.7 rose 0.3
 1083.6 0.04  68  0.1  0.3  0.0  0.7  0.0 | azure 0.8 red 0.4
 1084.1 0.05  66  0.3  0.4  0.0  0.7  0.0 | azure 0.8 red 0.5
 1084.6 0.06  63  0.4  0.5  0.1  0.9  0.1 | azure 0.8 red 0.8
 1085.1 0.08  58  0.8  0.7  0.1  1.3  0.4 | red 1.0 azure 0.7
 1085.6 0.11  54  1.4  1.2  0.1  2.4  0.5 | red 1.7 azure 0.6
 1086.1 0.14  49  2.8  1.2  0.2  2.1  0.6 | red 1.8 azure 0.6
 1086.6 0.17  45  4.1  0.9  0.2  1.5  0.9 | red 1.4 rose 0.5
 1087.1 0.18  42  4.1  0.6  0.1  1.1  1.5 | red 1.1 azure 0.5
 1087.6 0.15  44  3.2  0.5  0.0  0.9  1.9 | red 0.9 azure 0.6
 1088.1 0.12  49  1.8  0.4  0.1  0.8  1.8 | red 1.0 azure 0.7
 1088.6 0.10  53  0.7  0.6  0.1  1.1  1.2 | red 1.2 azure 0.8
 1089.1 0.10  52  0.5  0.9  0.3  1.5  0.5 | red 1.5 azure 0.8
 1089.6 0.13  47  1.1  0.8  0.3  1.4  0.3 | red 1.5 azure 0.8
 1090.1 0.17  42  2.9  1.7  0.9  2.5  1.1 | red 2.6 azure 0.7
 1090.6 0.21  37  5.2  1.2  1.2  1.1  3.2 | red 2.0 azure 0.6
 1091.1 0.23  35  6.8  0.6  0.3  0.9  6.7 | red 1.4 azure 0.6
 1091.6 0.20  38  4.1  0.5  0.2  0.9  5.7 | red 1.6 azure 0.7
 1092.1 0.22  26  0.7 11.8 14.6  9.0  1.1 | red 11.3 orange 5.6 CUT
 1092.6 0.16  25  0.0 12.3 13.0 11.6  0.0 | red 10.1 orange 5.8
 1093.1 0.06  61  0.0  4.3  6.4  2.3  0.0 | red 3.9 orange 1.7
 1093.6 0.02  82  0.0  0.9  1.7  0.1  0.0 | red 0.9 orange 0.3
 1094.1 0.01  93  0.0  0.0  0.1  0.0  0.0 | 
 1094.6 0.00  98  0.0  0.0  0.0  0.0  0.0 | 
 1095.1 0.00 100  0.0  0.0  0.0  0.0  0.0 | 
 1095.6 0.00 100  0.0  0.0  0.0  0.0  0.0 | 
 1096.1 0.00 100  0.0  0.0  0.0  0.0  0.0 | 
 1096.6 0.00 100  0.0  0.0  0.0  0.0  0.0 | 
 1097.1 0.00 100  0.0  0.0  0.0  0.0  0.0 | 
 1097.6 0.00 100  0.0  0.0  0.0  0.0  0.0 | 
 1098.1 0.00 100  0.0  0.0  0.0  0.0  0.0 | 
