# span 08: video 1098.37-1317.59 s (show time = video - 0.036). Columns per 0.5 s: luma(0-1) dark% white% fire% fireUpper% fireLower% whiteUpper% | top saturated hues (% of frame)
# camera cuts (video s): [1128.28, 1134.2, 1140.24, 1163.08, 1174.88, 1177.96, 1182.2, 1188.12, 1189.08, 1200.24, 1206.2, 1212.24, 1212.8, 1215.2, 1216.04, 1216.76, 1223.28, 1230.28, 1248.36, 1267.8, 1268.2, 1268.68, 1269.2, 1271.16, 1271.68, 1272.12, 1272.56, 1273.08, 1273.48, 1273.96, 1274.4, 1274.84, 1275.32, 1278.36, 1281.28, 1282.76, 1284.12, 1285.68, 1294.72, 1298.16, 1299.2, 1309.92, 1314.52]
# sudden brightening frames (flash/strobe/fireball candidates, luma +0.05 in 1/25 s): [1128.28, 1162.16, 1163.04, 1164.28, 1166.28, 1166.44, 1168.64, 1169.0, 1170.2, 1170.36, 1171.4, 1182.2, 1182.28, 1182.32, 1188.08, 1188.2, 1197.24, 1206.08, 1206.2, 1212.24, 1212.32, 1214.52, 1215.2, 1215.24, 1216.04, 1216.8, 1223.24, 1230.28, 1265.32, 1266.28, 1267.76, 1267.92, 1268.08, 1268.12, 1268.28, 1268.44, 1268.64, 1268.8, 1269.0, 1269.16, 1269.36, 1269.52, 1269.72, 1269.88, 1270.04, 1270.24, 1270.4, 1270.6, 1270.76, 1270.96, 1271.12, 1271.48, 1271.64, 1271.84, 1272.0, 1272.2, 1272.52, 1272.68, 1272.84, 1273.04, 1273.2, 1273.4, 1273.56, 1273.76, 1273.92, 1274.08, 1274.12, 1274.28, 1274.44, 1274.64, 1274.8, 1275.0, 1275.16, 1275.4, 1275.52, 1275.64, 1275.92, 1276.04, 1276.16, 1276.68, 1276.8, 1276.92, 1277.32, 1277.44, 1277.56, 1277.68, 1278.08, 1278.2, 1278.32, 1281.28, 1282.76, 1282.8, 1284.12, 1285.68, 1298.2, 1314.52]
 1098.4 0.00 100  0.0  0.0  0.0  0.0  0.0 | 
 1098.9 0.00 100  0.0  0.0  0.0  0.0  0.0 | 
 1099.4 0.00  99  0.0  0.0  0.0  0.0  0.0 | 
 1099.9 0.00  97  0.0  0.0  0.0  0.0  0.0 | 
 1100.4 0.00  96  0.0  0.0  0.0  0.0  0.0 | 
 1100.9 0.00  92  0.0  0.0  0.0  0.0  0.0 | 
 1101.4 0.00  88  0.0  0.0  0.0  0.0  0.0 | azure 0.3
 1101.9 0.01  86  0.0  0.0  0.0  0.0  0.0 | azure 0.4
 1102.4 0.01  83  0.0  0.0  0.0  0.0  0.0 | azure 0.5
 1102.9 0.01  80  0.0  0.0  0.0  0.0  0.0 | azure 0.6
 1103.4 0.01  77  0.0  0.0  0.0  0.0  0.0 | azure 0.7 cyan 0.3
 1103.9 0.01  75  0.0  0.0  0.0  0.0  0.0 | azure 0.8 cyan 0.3
 1104.4 0.01  74  0.0  0.0  0.0  0.0  0.0 | azure 0.7 cyan 0.4
 1104.9 0.01  72  0.0  0.0  0.0  0.0  0.0 | azure 0.7 cyan 0.4
 1105.4 0.01  69  0.0  0.0  0.0  0.0  0.0 | azure 0.9 cyan 0.5
 1105.9 0.01  62  0.0  0.0  0.0  0.0  0.0 | azure 1.2 cyan 0.6
 1106.4 0.02  44  0.0  0.0  0.0  0.0  0.0 | azure 1.5 cyan 0.8
 1106.9 0.02  34  0.0  0.0  0.0  0.0  0.0 | azure 1.7 cyan 0.9
 1107.4 0.02  24  0.0  0.0  0.0  0.0  0.0 | azure 1.8 cyan 1.0
 1107.9 0.03  16  0.0  0.0  0.0  0.0  0.0 | azure 1.9 cyan 1.1
 1108.4 0.03  13  0.0  0.0  0.0  0.0  0.0 | azure 2.1 cyan 1.2
 1108.9 0.03  12  0.0  0.0  0.0  0.0  0.0 | azure 2.4 cyan 1.2
 1109.4 0.03  11  0.0  0.0  0.0  0.0  0.0 | azure 2.9 cyan 1.4
 1109.9 0.03  15  0.0  0.0  0.0  0.0  0.0 | azure 2.9 cyan 1.3
 1110.4 0.01  58  0.0  0.0  0.0  0.0  0.0 | azure 1.0
 1110.9 0.02  43  0.1  0.0  0.0  0.0  0.0 | azure 1.9
 1111.4 0.02  29  0.1  0.0  0.0  0.0  0.0 | azure 3.0
 1111.9 0.02  21  0.1  0.0  0.0  0.0  0.0 | azure 4.4 cyan 0.4
 1112.4 0.03  16  0.1  0.0  0.0  0.0  0.0 | azure 5.6 cyan 0.4
 1112.9 0.03  14  0.1  0.0  0.0  0.0  0.0 | azure 6.7 cyan 0.4
 1113.4 0.03  13  0.1  0.0  0.0  0.0  0.0 | azure 7.8 cyan 0.4
 1113.9 0.03  10  0.1  0.0  0.0  0.0  0.0 | azure 10.4 cyan 0.4
 1114.4 0.04   7  0.1  0.0  0.0  0.0  0.0 | azure 14.8 cyan 0.5
 1114.9 0.04   6  0.1  0.0  0.0  0.0  0.0 | azure 18.3 cyan 0.5
 1115.4 0.04   7  0.1  0.0  0.0  0.0  0.0 | azure 21.1 cyan 0.6
 1115.9 0.04   5  0.1  0.0  0.0  0.0  0.0 | azure 18.5 cyan 0.7
 1116.4 0.04   2  0.0  0.0  0.0  0.0  0.0 | azure 21.6 cyan 0.7
 1116.9 0.04   3  0.0  0.0  0.0  0.0  0.0 | azure 19.7 cyan 0.4
 1117.4 0.04   4  0.0  0.0  0.0  0.0  0.0 | azure 19.8 cyan 0.4
 1117.9 0.04   4  0.0  0.0  0.0  0.0  0.0 | azure 21.5 cyan 0.5
 1118.4 0.05   2  0.0  0.0  0.0  0.0  0.0 | azure 26.3 cyan 0.9
 1118.9 0.07   1  0.0  0.0  0.0  0.0  0.0 | azure 33.5 cyan 1.1
 1119.4 0.06   2  0.0  0.0  0.0  0.0  0.0 | azure 34.3 cyan 0.6
 1119.9 0.04   2  0.0  0.0  0.0  0.0  0.0 | azure 32.6 cyan 0.3
 1120.4 0.04   2  0.0  0.0  0.0  0.0  0.0 | azure 30.9 cyan 0.4
 1120.9 0.05   1  0.0  0.0  0.0  0.0  0.0 | azure 30.0 cyan 0.5
 1121.4 0.06   2  0.0  0.0  0.0  0.0  0.0 | azure 30.9 cyan 1.1
 1121.9 0.06   2  0.0  0.0  0.0  0.0  0.0 | azure 31.6 cyan 1.3
 1122.4 0.05   1  0.0  0.0  0.0  0.0  0.0 | azure 31.7 cyan 0.5
 1122.9 0.04   1  0.0  0.0  0.0  0.0  0.0 | azure 27.7 cyan 0.4
 1123.4 0.04   1  0.0  0.0  0.0  0.0  0.0 | azure 23.2 cyan 0.3
 1123.9 0.04   1  0.0  0.0  0.0  0.0  0.0 | azure 24.1 cyan 0.6
 1124.4 0.05   1  0.0  0.0  0.0  0.0  0.0 | azure 21.6 cyan 1.2
 1124.9 0.05   1  0.0  0.0  0.0  0.0  0.0 | azure 21.0 cyan 1.3
 1125.4 0.04   2  0.0  0.0  0.0  0.0  0.0 | azure 21.3 cyan 1.0
 1125.9 0.04   1  0.0  0.0  0.0  0.0  0.0 | azure 24.4 cyan 0.5
 1126.4 0.04   1  0.0  0.0  0.0  0.0  0.0 | azure 30.5 cyan 0.3
 1126.9 0.05   1  0.0  0.0  0.0  0.0  0.0 | azure 31.7 cyan 0.4
 1127.4 0.05   1  0.0  0.0  0.0  0.0  0.0 | azure 30.8 cyan 1.0
 1127.9 0.09   1  0.0  0.0  0.0  0.0  0.0 | azure 39.7 cyan 1.4 CUT
 1128.4 0.16   0  0.0  0.0  0.0  0.0  0.0 | azure 68.5 cyan 1.8
 1128.9 0.13   0  0.0  0.0  0.0  0.0  0.1 | azure 64.7 cyan 1.8
 1129.4 0.13   0  0.0  0.0  0.0  0.0  0.1 | azure 62.4 cyan 1.7
 1129.9 0.15   0  0.0  0.0  0.0  0.0  0.1 | azure 63.0 cyan 1.9
 1130.4 0.17   0  0.0  0.0  0.0  0.0  0.1 | azure 61.6 cyan 2.6
 1130.9 0.14   2  0.0  0.0  0.0  0.0  0.1 | azure 53.0 cyan 2.0
 1131.4 0.12   3  0.0  0.0  0.0  0.0  0.1 | azure 50.5 cyan 1.5
 1131.9 0.10   4  0.0  0.0  0.0  0.0  0.1 | azure 48.6 blue 1.2
 1132.4 0.10   3  0.0  0.0  0.0  0.0  0.1 | azure 51.2 blue 1.9
 1132.9 0.11   2  0.0  0.0  0.0  0.0  0.0 | azure 49.1 cyan 1.1
 1133.4 0.13   3  0.0  0.0  0.0  0.0  0.0 | azure 51.0 cyan 1.5
 1133.9 0.16   2  0.0  0.0  0.0  0.0  0.0 | azure 57.1 cyan 5.4 CUT
 1134.4 0.15   0  0.2  0.0  0.0  0.0  0.1 | azure 70.2 cyan 6.6
 1134.9 0.11   0  0.2  0.0  0.0  0.0  0.1 | azure 70.0 blue 4.0
 1135.4 0.10   0  0.2  0.0  0.0  0.0  0.1 | azure 68.8 blue 4.6
 1135.9 0.12   0  0.0  0.0  0.0  0.0  0.0 | azure 74.4 cyan 4.4
 1136.4 0.17   0  0.0  0.0  0.0  0.0  0.0 | azure 71.3 cyan 8.7
 1136.9 0.19   0  0.0  0.0  0.0  0.0  0.0 | azure 69.5 cyan 11.1
 1137.4 0.16   0  0.0  0.0  0.0  0.0  0.0 | azure 73.3 cyan 6.8
 1137.9 0.12   0  0.0  0.0  0.0  0.0  0.0 | azure 76.9 cyan 2.9
 1138.4 0.11   0  0.0  0.0  0.0  0.0  0.0 | azure 77.4 cyan 2.6
 1138.9 0.13   0  0.0  0.0  0.0  0.0  0.0 | azure 76.3 cyan 5.3
 1139.4 0.15   0  0.0  0.0  0.0  0.0  0.0 | azure 73.1 cyan 9.6
 1139.9 0.12   9  0.0  0.0  0.0  0.0  0.0 | azure 54.6 cyan 7.6 CUT
 1140.4 0.05  33  0.1  0.0  0.0  0.0  0.0 | azure 14.4 cyan 1.3
 1140.9 0.04  34  0.0  0.0  0.0  0.0  0.0 | azure 14.1 cyan 0.8
 1141.4 0.05  34  0.0  0.0  0.0  0.0  0.0 | azure 13.5 cyan 1.3
 1141.9 0.05  32  0.0  0.0  0.0  0.0  0.0 | azure 14.6 cyan 2.2
 1142.4 0.06  30  0.0  0.0  0.0  0.0  0.0 | azure 17.9 cyan 2.8
 1142.9 0.06  29  0.0  0.0  0.0  0.0  0.0 | azure 19.9 cyan 2.2
 1143.4 0.05  29  0.0  0.0  0.0  0.0  0.0 | azure 20.3 cyan 2.0
 1143.9 0.05  29  0.0  0.0  0.0  0.0  0.0 | azure 21.5 cyan 2.2
 1144.4 0.06  29  0.0  0.0  0.0  0.0  0.0 | azure 23.2 cyan 3.2
 1144.9 0.07  28  0.0  0.0  0.0  0.0  0.0 | azure 23.5 cyan 4.0
 1145.4 0.07  27  0.0  0.0  0.0  0.0  0.0 | azure 24.3 cyan 3.6
 1145.9 0.06  27  0.0  0.0  0.0  0.0  0.0 | azure 23.7 cyan 2.5
 1146.4 0.05  29  0.1  0.0  0.0  0.0  0.0 | azure 23.6 cyan 1.4
 1146.9 0.05  31  0.1  0.0  0.0  0.0  0.0 | azure 24.1 cyan 1.1
 1147.4 0.06  31  0.1  0.0  0.0  0.0  0.0 | azure 25.1 cyan 2.1
 1147.9 0.07  26  0.0  0.0  0.0  0.0  0.0 | azure 28.2 cyan 4.4
 1148.4 0.08  25  0.0  0.0  0.0  0.0  0.0 | azure 30.7 cyan 4.5
 1148.9 0.07  24  0.0  0.0  0.0  0.0  0.0 | azure 31.8 cyan 2.9
 1149.4 0.07  24  0.0  0.0  0.0  0.0  0.0 | azure 32.0 cyan 2.1
 1149.9 0.07  23  0.0  0.0  0.0  0.0  0.0 | azure 32.3 cyan 2.9
 1150.4 0.08  23  0.0  0.0  0.0  0.0  0.0 | azure 30.8 cyan 5.4
 1150.9 0.09  22  0.0  0.0  0.0  0.0  0.0 | azure 30.3 cyan 6.7
 1151.4 0.09  22  0.0  0.0  0.0  0.0  0.0 | azure 29.9 cyan 6.0
 1151.9 0.08  23  0.0  0.0  0.0  0.0  0.0 | azure 29.7 cyan 3.7
 1152.4 0.07  25  0.1  0.0  0.0  0.0  0.0 | azure 28.8 cyan 1.9
 1152.9 0.07  27  0.1  0.0  0.0  0.0  0.0 | azure 28.3 cyan 1.6
 1153.4 0.08  27  0.1  0.0  0.0  0.0  0.0 | azure 27.1 cyan 4.3
 1153.9 0.10  22  0.0  0.0  0.0  0.0  0.0 | azure 29.5 cyan 7.6
 1154.4 0.10  22  0.0  0.0  0.0  0.0  0.0 | azure 34.4 cyan 7.1
 1154.9 0.09  21  0.0  0.0  0.0  0.0  0.0 | azure 38.7 cyan 3.9
 1155.4 0.08  20  0.0  0.0  0.0  0.0  0.0 | azure 40.1 blue 3.3
 1155.9 0.10  20  0.0  0.0  0.0  0.0  0.0 | azure 40.5 cyan 5.4
 1156.4 0.13  20  0.0  0.0  0.0  0.0  0.0 | azure 32.7 cyan 13.5
 1156.9 0.14  20  0.0  0.0  0.0  0.0  0.0 | azure 25.1 cyan 15.8
 1157.4 0.13  19  0.0  0.0  0.0  0.0  0.0 | azure 26.7 cyan 12.9
 1157.9 0.15   8  0.5  0.0  0.0  0.0  0.1 | azure 26.7 blue 8.8
 1158.4 0.15   3  0.7  0.0  0.0  0.0  0.1 | blue 24.4 azure 16.6
 1158.9 0.15   5  0.3  0.0  0.0  0.0  0.1 | azure 26.8 blue 12.8
 1159.4 0.16   9  0.1  0.0  0.0  0.0  0.1 | azure 32.2 cyan 12.6
 1159.9 0.16  15  0.1  0.0  0.0  0.0  0.0 | azure 32.0 cyan 14.4
 1160.4 0.12  21  0.1  0.0  0.0  0.0  0.0 | azure 37.1 cyan 9.9
 1160.9 0.10  18  0.1  0.0  0.0  0.0  0.0 | azure 42.0 cyan 4.7
 1161.4 0.08  15  0.1  0.0  0.0  0.0  0.0 | azure 43.0 blue 4.2
 1161.9 0.11  10  0.1  0.0  0.0  0.0  0.0 | azure 44.6 cyan 5.2
 1162.4 0.16   5  0.1  0.0  0.0  0.0  0.0 | azure 41.1 cyan 14.8
 1162.9 0.17   4  0.2  0.0  0.0  0.0  0.0 | azure 38.5 cyan 18.5 CUT
 1163.4 0.14   4  0.0  0.0  0.0  0.0  0.0 | azure 35.7 cyan 13.1
 1163.9 0.13   4  0.6  0.0  0.0  0.0  0.5 | azure 33.7 blue 6.4
 1164.4 0.16   0  1.7  0.0  0.0  0.0  1.0 | blue 30.0 azure 18.4
 1164.9 0.17   0  1.0  0.0  0.0  0.0  0.5 | azure 32.5 blue 14.7
 1165.4 0.19   0  0.3  0.0  0.0  0.0  0.2 | azure 40.0 cyan 16.8
 1165.9 0.19   0  0.2  0.0  0.0  0.0  0.1 | azure 43.0 cyan 18.6
 1166.4 0.17   0  0.2  0.0  0.0  0.0  0.1 | azure 42.5 cyan 15.9
 1166.9 0.12   1  0.3  0.0  0.0  0.0  0.5 | azure 48.7 cyan 4.7
 1167.4 0.11   2  0.5  0.0  0.0  0.0  0.9 | azure 49.7 blue 3.2
 1167.9 0.13   2  0.4  0.0  0.0  0.0  0.2 | azure 46.2 cyan 7.4
 1168.4 0.20   1  0.6  0.0  0.0  0.0  0.3 | azure 46.7 cyan 20.3
 1168.9 0.21   1  0.4  0.0  0.0  0.0  0.1 | azure 44.5 cyan 22.0
 1169.4 0.15   4  0.1  0.0  0.0  0.0  0.0 | azure 51.1 cyan 12.9
 1169.9 0.12   6  0.2  0.0  0.0  0.0  0.2 | azure 54.5 cyan 4.9
 1170.4 0.10   9  0.4  0.0  0.0  0.0  0.7 | azure 49.7 blue 6.7
 1170.9 0.11  10  0.6  0.0  0.0  0.0  0.6 | azure 46.1 cyan 3.3
 1171.4 0.17  10  0.6  0.0  0.0  0.0  0.2 | azure 39.3 cyan 13.8
 1171.9 0.14  15  0.1  0.0  0.0  0.0  0.0 | azure 30.4 cyan 13.9
 1172.4 0.13  16  0.0  0.0  0.0  0.0  0.0 | azure 33.3 cyan 10.8
 1172.9 0.11  16  0.3  0.0  0.0  0.0  0.0 | azure 36.1 cyan 3.3
 1173.4 0.09  19  0.4  0.0  0.0  0.0  0.0 | azure 31.4 blue 3.4
 1173.9 0.10  22  0.1  0.0  0.0  0.0  0.0 | azure 27.5 cyan 6.3
 1174.4 0.18   8  1.0  0.0  0.0  0.0  0.1 | azure 30.0 cyan 15.6
 1174.9 0.14  16  0.5  0.0  0.0  0.0  0.1 | azure 26.2 cyan 11.7 CUT
 1175.4 0.09  25  0.1  0.0  0.0  0.0  0.0 | azure 21.9 cyan 6.4
 1175.9 0.09  30  0.3  0.0  0.0  0.0  0.3 | azure 22.3 cyan 3.7
 1176.4 0.08  34  0.4  0.0  0.0  0.0  0.5 | azure 21.6 blue 2.8
 1176.9 0.07  38  0.1  0.0  0.0  0.0  0.2 | azure 19.3 cyan 2.8
 1177.4 0.07  41  0.1  0.0  0.0  0.0  0.1 | azure 16.6 cyan 4.3
 1177.9 0.06  45  0.1  0.0  0.0  0.0  0.0 | azure 12.1 cyan 3.8 CUT
 1178.4 0.04  58  0.0  0.0  0.0  0.0  0.0 | azure 8.3 cyan 1.5
 1178.9 0.03  61  0.0  0.0  0.0  0.0  0.0 | azure 8.1 cyan 0.4
 1179.4 0.02  65  0.0  0.0  0.0  0.0  0.0 | azure 5.0
 1179.9 0.02  73  0.0  0.0  0.0  0.0  0.0 | azure 2.7
 1180.4 0.02  68  0.0  0.0  0.0  0.0  0.0 | azure 1.6
 1180.9 0.03  61  0.1  0.0  0.0  0.0  0.0 | azure 0.8
 1181.4 0.03  75  0.0  0.0  0.0  0.0  0.0 | azure 0.4
 1181.9 0.14  41  0.4  0.0  0.0  0.0  0.4 | azure 19.2 cyan 4.0 CUT
 1182.4 0.25   0  0.3  0.0  0.0  0.0  0.4 | azure 62.3 cyan 18.7
 1182.9 0.14   0  0.0  0.0  0.0  0.0  0.0 | azure 62.2 cyan 7.9
 1183.4 0.14   0  0.0  0.0  0.0  0.0  0.0 | azure 66.6 cyan 7.2
 1183.9 0.12   0  0.0  0.0  0.0  0.0  0.0 | azure 65.6 cyan 4.2
 1184.4 0.08   0  0.0  0.0  0.0  0.0  0.0 | azure 34.0 cyan 3.1
 1184.9 0.11   1  0.0  0.0  0.0  0.0  0.0 | azure 51.9 cyan 4.3
 1185.4 0.17   0  0.0  0.0  0.0  0.0  0.0 | azure 70.5 cyan 9.7
 1185.9 0.13   0  0.0  0.0  0.0  0.0  0.0 | azure 60.6 cyan 6.3
 1186.4 0.12   0  0.0  0.0  0.0  0.0  0.0 | azure 60.6 cyan 5.1
 1186.9 0.09   0  0.0  0.0  0.0  0.0  0.0 | azure 44.8 cyan 2.8
 1187.4 0.09   1  0.0  0.0  0.0  0.0  0.0 | azure 41.2 cyan 2.9
 1187.9 0.12  14  0.0  0.0  0.0  0.0  0.0 | azure 31.5 cyan 2.7 CUT
 1188.4 0.04  71  0.3  0.0  0.0  0.0  0.6 | cyan 2.3 azure 1.6
 1188.9 0.08  48  1.3  0.0  0.0  0.0  2.1 | azure 5.1 cyan 1.0 CUT
 1189.4 0.09  57  1.2  0.1  0.1  0.1  2.0 | azure 2.8 blue 1.4
 1189.9 0.10  58  0.9  0.0  0.1  0.0  1.5 | blue 1.8 azure 1.7
 1190.4 0.08  61  0.5  0.0  0.1  0.0  0.9 | azure 2.3 cyan 1.6
 1190.9 0.05  71  0.3  0.0  0.0  0.0  0.5 | cyan 2.2 azure 0.6
 1191.4 0.04  74  0.3  0.0  0.0  0.0  0.7 | cyan 2.5 azure 0.6
 1191.9 0.06  67  1.0  0.1  0.1  0.0  1.9 | azure 1.6 cyan 1.1
 1192.4 0.23  22  8.6  2.5  0.6  4.5 15.5 | rose 10.4 magenta 2.6
 1192.9 0.33   2 12.1  8.4  1.0 15.8 20.2 | rose 20.1 red 4.4
 1193.4 0.28   4  5.0  9.8  3.1 16.5  9.5 | rose 21.1 red 6.9
 1193.9 0.13  28  0.8  5.3  4.9  5.7  1.6 | rose 9.7 red 3.5
 1194.4 0.07  54  0.2  0.2  0.5  0.0  0.3 | rose 1.7 azure 0.7
 1194.9 0.07  58  0.4  0.1  0.3  0.0  0.7 | blue 2.0 azure 1.7
 1195.4 0.13  49  1.7  0.4  0.5  0.2  3.3 | blue 3.0 azure 2.0
 1195.9 0.14  47  1.7  0.1  0.2  0.0  3.2 | blue 2.5 azure 1.7
 1196.4 0.11  49  0.4  0.1  0.2  0.0  0.8 | cyan 1.5 azure 1.1
 1196.9 0.10  54  1.4  0.1  0.1  0.0  2.1 | cyan 1.2 azure 0.7
 1197.4 0.09  61  1.7  0.0  0.1  0.0  3.1 | azure 0.7 cyan 0.5
 1197.9 0.08  60  1.2  0.6  1.2  0.1  2.3 | rose 2.6 violet 1.2
 1198.4 0.31  12 11.5  6.2  3.7  8.7 22.6 | rose 17.4 magenta 4.4
 1198.9 0.41   2 14.2 11.4  4.9 17.9 27.8 | rose 24.8 red 7.4
 1199.4 0.31   5  6.6 12.2 10.9 13.5 13.1 | rose 25.9 red 7.4
 1199.9 0.15  10  1.0  1.1  1.9  0.3  2.1 | blue 18.1 rose 7.4 CUT
 1200.4 0.11   0  0.0  0.0  0.0  0.0  0.0 | blue 49.6 azure 20.7
 1200.9 0.09   0  0.0  0.0  0.0  0.0  0.0 | azure 33.8 blue 27.6
 1201.4 0.08   1  0.0  0.0  0.0  0.0  0.0 | azure 46.0 blue 15.6
 1201.9 0.07   1  0.0  0.0  0.0  0.0  0.0 | azure 56.6 blue 5.1
 1202.4 0.07   1  0.0  0.0  0.0  0.0  0.0 | azure 56.3 blue 1.6
 1202.9 0.07   1  0.0  0.0  0.0  0.0  0.0 | azure 58.7 blue 0.8
 1203.4 0.08   1  0.0  0.0  0.0  0.0  0.0 | azure 61.2 blue 0.8
 1203.9 0.08   1  0.0  0.0  0.0  0.0  0.0 | azure 61.8 blue 0.8
 1204.4 0.06   3  0.0  0.0  0.0  0.0  0.0 | azure 43.8 cyan 1.1
 1204.9 0.16   1  0.0  0.0  0.0  0.0  0.0 | azure 61.4 cyan 8.1
 1205.4 0.24   0  0.1  0.0  0.0  0.0  0.0 | azure 69.2 cyan 16.6
 1205.9 0.17  23  0.1  0.0  0.0  0.0  0.1 | azure 47.6 cyan 6.6 CUT
 1206.4 0.02  77  0.0  0.0  0.0  0.0  0.0 | azure 3.7 cyan 0.7
 1206.9 0.01  81  0.0  0.0  0.0  0.0  0.0 | azure 2.9
 1207.4 0.01  82  0.0  0.0  0.0  0.0  0.0 | azure 1.4
 1207.9 0.02  82  0.0  0.0  0.0  0.0  0.0 | azure 1.2 cyan 0.5
 1208.4 0.02  80  0.0  0.0  0.0  0.0  0.0 | azure 1.3 cyan 0.8
 1208.9 0.03  79  0.0  0.0  0.0  0.0  0.0 | azure 1.9 cyan 1.5
 1209.4 0.01  83  0.0  0.0  0.0  0.0  0.0 | azure 1.0
 1209.9 0.02  81  0.0  0.0  0.0  0.0  0.0 | azure 1.2 cyan 0.9
 1210.4 0.02  75  0.0  0.0  0.0  0.0  0.0 | azure 1.6 cyan 0.7
 1210.9 0.01  77  0.0  0.0  0.0  0.0  0.0 | azure 0.4
 1211.4 0.01  93  0.0  0.0  0.0  0.0  0.0 | 
 1211.9 0.13  59  5.4  0.0  0.0  0.0  3.7 | azure 2.6 cyan 0.4 CUT
 1212.4 0.48   1 14.6  0.0  0.0  0.0 10.8 | azure 25.2 cyan 1.0 CUT
 1212.9 0.05   5  0.0  0.0  0.0  0.0  0.0 | azure 11.2 cyan 1.0
 1213.4 0.03   5  0.0  0.0  0.0  0.0  0.0 | azure 4.9 cyan 0.8
 1213.9 0.16   2  0.0  0.0  0.0  0.0  0.0 | azure 31.5 cyan 4.4
 1214.4 0.21   2  0.9  0.0  0.0  0.0  0.3 | azure 35.2 cyan 4.5
 1214.9 0.13  13  2.2  0.0  0.0  0.0  0.9 | azure 8.1 cyan 1.2 CUT
 1215.4 0.08  59  0.4  0.0  0.0  0.0  0.0 | azure 1.2
 1215.9 0.09  57  0.6  0.0  0.0  0.0  0.0 | azure 1.1 CUT
 1216.4 0.05  68  0.6  0.0  0.0  0.0  0.6 | azure 1.5 cyan 0.4 CUT
 1216.9 0.05  77  1.5  0.0  0.0  0.0  2.0 | cyan 1.2 azure 1.0
 1217.4 0.01  91  0.0  0.0  0.0  0.0  0.0 | cyan 1.1 azure 0.3
 1217.9 0.01  92  0.0  0.0  0.0  0.0  0.0 | cyan 0.6
 1218.4 0.02  88  0.0  0.0  0.0  0.0  0.0 | cyan 0.9 azure 0.3
 1218.9 0.02  87  0.2  0.0  0.0  0.0  0.3 | cyan 1.6 azure 0.6
 1219.4 0.03  83  0.3  0.0  0.0  0.0  0.5 | cyan 2.4 azure 0.4
 1219.9 0.01  91  0.0  0.0  0.0  0.0  0.0 | cyan 0.5
 1220.4 0.02  87  0.0  0.0  0.0  0.0  0.0 | cyan 1.4 azure 0.4
 1220.9 0.02  89  0.1  0.0  0.0  0.0  0.0 | cyan 1.1 azure 0.7
 1221.4 0.02  86  0.1  0.0  0.0  0.0  0.2 | cyan 1.6 azure 0.4
 1221.9 0.01  91  0.0  0.0  0.0  0.0  0.0 | cyan 0.5
 1222.4 0.01  83  0.0  0.0  0.0  0.0  0.0 | azure 0.7 cyan 0.4
 1222.9 0.03  73  0.0  0.0  0.0  0.0  0.0 | azure 0.7 cyan 0.4 CUT
 1223.4 0.03  70  0.0  0.0  0.0  0.0  0.0 | azure 0.9 cyan 0.6
 1223.9 0.08  47  0.1  0.0  0.0  0.0  0.0 | azure 1.9 cyan 0.4
 1224.4 0.19  19  1.5  0.0  0.0  0.0  0.0 | azure 9.0
 1224.9 0.09  37  0.2  0.0  0.0  0.0  0.0 | azure 4.1
 1225.4 0.10  33  0.2  0.0  0.0  0.0  0.0 | azure 9.2 cyan 1.6
 1225.9 0.07  39  0.1  0.0  0.0  0.0  0.0 | azure 5.3 cyan 0.5
 1226.4 0.03  56  0.0  0.0  0.0  0.0  0.0 | azure 1.8
 1226.9 0.01  86  0.0  0.0  0.0  0.0  0.0 | azure 0.4
 1227.4 0.00  99  0.0  0.0  0.0  0.0  0.0 | 
 1227.9 0.00  99  0.0  0.0  0.0  0.0  0.0 | 
 1228.4 0.00  99  0.0  0.0  0.0  0.0  0.0 | 
 1228.9 0.00  98  0.0  0.0  0.0  0.0  0.0 | 
 1229.4 0.00  98  0.0  0.0  0.0  0.0  0.0 | 
 1229.9 0.04  75  0.0  0.0  0.0  0.0  0.0 | azure 5.9 cyan 4.1 CUT
 1230.4 0.11   8  0.0  0.0  0.0  0.0  0.0 | azure 9.3 cyan 5.9
 1230.9 0.39   0  2.6  0.0  0.0  0.0  0.3 | azure 25.6 cyan 9.9
 1231.4 0.44   0  3.3  0.0  0.0  0.0  0.4 | azure 30.6 cyan 10.0
 1231.9 0.43   0  3.8  0.0  0.0  0.0  0.3 | azure 28.0 cyan 10.9
 1232.4 0.45   0  6.0  0.0  0.0  0.0  1.2 | azure 23.7 cyan 10.6
 1232.9 0.47   0  8.5  0.0  0.0  0.0  1.6 | azure 22.8 cyan 10.9
 1233.4 0.46   0  6.6  0.0  0.0  0.0  0.6 | azure 26.4 cyan 10.3
 1233.9 0.47   0  7.5  0.0  0.0  0.0  1.7 | azure 23.3 cyan 12.4
 1234.4 0.47   0  9.2  0.0  0.0  0.0  3.9 | azure 24.0 cyan 12.3
 1234.9 0.45   0  7.5  0.0  0.0  0.0  1.3 | azure 24.6 cyan 13.4
 1235.4 0.46   0  8.3  0.0  0.0  0.0  1.4 | azure 22.2 cyan 12.6
 1235.9 0.47   0  8.6  0.0  0.0  0.0  1.3 | azure 22.2 cyan 14.2
 1236.4 0.43   0  7.1  0.0  0.0  0.0  0.6 | azure 24.3 cyan 13.5
 1236.9 0.44   0  6.8  0.0  0.0  0.0  0.6 | azure 25.8 cyan 14.6
 1237.4 0.45   0  7.7  0.0  0.0  0.0  0.4 | azure 25.3 cyan 16.5
 1237.9 0.43   0  6.7  0.0  0.0  0.0  0.5 | azure 23.3 cyan 15.5
 1238.4 0.44   0  6.6  0.0  0.0  0.0  0.7 | azure 23.5 cyan 15.9
 1238.9 0.45   0  6.8  0.0  0.0  0.0  0.9 | azure 24.0 cyan 17.0
 1239.4 0.44   0  7.0  0.0  0.0  0.0  0.6 | azure 24.6 cyan 17.6
 1239.9 0.44   0  7.3  0.0  0.0  0.0  0.3 | azure 25.2 cyan 18.3
 1240.4 0.48   0  9.9  0.0  0.0  0.0  0.4 | azure 23.5 cyan 18.1
 1240.9 0.47   0  9.3  0.0  0.0  0.0  0.3 | azure 25.0 cyan 18.2
 1241.4 0.46   0  9.8  0.0  0.0  0.0  0.3 | azure 25.8 cyan 16.4
 1241.9 0.45   0  8.8  0.0  0.0  0.0  0.2 | azure 26.7 cyan 16.7
 1242.4 0.45   0  9.8  0.0  0.0  0.0  0.3 | azure 27.8 cyan 16.4
 1242.9 0.46   0 10.1  0.0  0.0  0.0  0.5 | azure 26.5 cyan 15.9
 1243.4 0.46   0  9.7  0.0  0.0  0.0  0.7 | azure 24.9 cyan 16.6
 1243.9 0.46   0  9.6  0.0  0.0  0.0  1.1 | azure 22.7 cyan 17.1
 1244.4 0.46   0 10.1  0.0  0.0  0.0  1.4 | azure 22.7 cyan 15.0
 1244.9 0.46   0  9.9  0.0  0.0  0.0  1.5 | azure 19.4 cyan 15.4
 1245.4 0.45   0  8.4  0.0  0.0  0.0  1.3 | azure 21.1 cyan 15.8
 1245.9 0.45   0  8.3  0.0  0.0  0.0  1.2 | azure 22.2 cyan 14.5
 1246.4 0.49   0 11.4  0.0  0.0  0.0  1.5 | azure 21.2 cyan 13.4
 1246.9 0.44   0  7.6  0.0  0.0  0.0  0.7 | azure 23.2 cyan 16.1
 1247.4 0.44   0  6.6  0.0  0.0  0.0  0.8 | azure 25.2 cyan 16.9
 1247.9 0.42   2  6.1  0.0  0.0  0.0  1.0 | azure 24.1 cyan 16.9 CUT
 1248.4 0.17  29  0.8  0.0  0.0  0.0  0.0 | azure 13.7 cyan 0.9
 1248.9 0.11  35  0.2  0.0  0.0  0.0  0.0 | azure 13.1 cyan 0.9
 1249.4 0.03  56  0.0  0.0  0.0  0.0  0.0 | azure 6.1 cyan 0.4
 1249.9 0.02  54  0.0  0.0  0.0  0.0  0.0 | azure 6.9
 1250.4 0.02  50  0.0  0.0  0.0  0.0  0.0 | azure 8.1
 1250.9 0.01  53  0.0  0.0  0.0  0.0  0.0 | azure 7.0
 1251.4 0.01  80  0.0  0.0  0.0  0.0  0.0 | azure 1.2
 1251.9 0.02  60  0.0  0.0  0.0  0.0  0.0 | azure 4.6 cyan 0.7
 1252.4 0.03  48  0.0  0.0  0.0  0.0  0.0 | azure 7.5 cyan 1.0
 1252.9 0.03  47  0.0  0.0  0.0  0.0  0.0 | azure 7.8 cyan 1.0
 1253.4 0.02  58  0.0  0.0  0.0  0.0  0.0 | azure 4.2 cyan 0.7
 1253.9 0.00  97  0.0  0.0  0.0  0.0  0.0 | 
 1254.4 0.00 100  0.0  0.0  0.0  0.0  0.0 | 
 1254.9 0.00 100  0.0  0.0  0.0  0.0  0.0 | 
 1255.4 0.00 100  0.0  0.0  0.0  0.0  0.0 | 
 1255.9 0.00 100  0.0  0.0  0.0  0.0  0.0 | 
 1256.4 0.00 100  0.0  0.0  0.0  0.0  0.0 | 
 1256.9 0.00  92  0.0  0.0  0.0  0.0  0.0 | azure 1.2
 1257.4 0.02  57  0.0  0.0  0.0  0.0  0.0 | azure 12.0
 1257.9 0.03  38  0.0  0.0  0.0  0.0  0.0 | azure 18.1
 1258.4 0.05  40  0.0  0.0  0.0  0.0  0.0 | azure 16.4
 1258.9 0.09  38  0.2  0.0  0.0  0.0  0.0 | azure 19.2 cyan 0.6
 1259.4 0.10  37  0.1  0.0  0.0  0.0  0.0 | azure 17.7 cyan 1.0
 1259.9 0.09  40  0.3  0.0  0.0  0.0  0.0 | azure 11.3 cyan 1.3
 1260.4 0.05  70  0.3  0.0  0.0  0.0  0.0 | azure 2.8
 1260.9 0.00  96  0.0  0.0  0.0  0.0  0.0 | 
 1261.4 0.00  96  0.0  0.0  0.0  0.0  0.0 | 
 1261.9 0.00  95  0.0  0.0  0.0  0.0  0.0 | 
 1262.4 0.00  96  0.0  0.0  0.0  0.0  0.0 | 
 1262.9 0.00  88  0.0  0.0  0.0  0.0  0.0 | azure 1.6
 1263.4 0.02  57  0.0  0.0  0.0  0.0  0.0 | azure 12.1
 1263.9 0.03  37  0.0  0.0  0.0  0.0  0.0 | azure 16.9
 1264.4 0.05  40  0.0  0.0  0.0  0.0  0.0 | azure 16.8
 1264.9 0.10  35  0.3  0.0  0.0  0.0  0.0 | azure 21.5 cyan 0.6
 1265.4 0.11  33  0.2  0.0  0.0  0.0  0.0 | azure 19.3 cyan 1.0
 1265.9 0.09  40  0.4  0.0  0.0  0.0  0.0 | azure 12.0 cyan 1.5
 1266.4 0.05  70  0.4  0.0  0.0  0.0  0.0 | azure 3.0
 1266.9 0.00  96  0.0  0.0  0.0  0.0  0.0 | 
 1267.4 0.01  91  0.0  0.0  0.0  0.0  0.0 |  CUT
 1267.9 0.06  53  0.1  0.0  0.0  0.0  0.1 | azure 1.4 CUT
 1268.4 0.07  49  0.1  0.0  0.0  0.0  0.1 | azure 1.1 CUT
 1268.9 0.06  38  0.1  0.0  0.0  0.0  0.1 | azure 12.2 blue 0.9 CUT
 1269.4 0.11   1  0.0  0.0  0.0  0.0  0.0 | azure 52.5 blue 0.9
 1269.9 0.13   0  0.1  0.0  0.0  0.0  0.0 | azure 71.3 blue 3.6
 1270.4 0.12   0  0.0  0.0  0.0  0.0  0.0 | azure 63.3 blue 1.9
 1270.9 0.10   0  0.0  0.0  0.0  0.0  0.0 | azure 57.6 blue 2.1 CUT
 1271.4 0.08   3  0.1  0.0  0.0  0.0  0.1 | azure 27.9 blue 1.6 CUT
 1271.9 0.05  31  0.0  0.0  0.0  0.0  0.0 | azure 4.1 cyan 0.7 CUT
 1272.4 0.07  27  0.1  0.0  0.0  0.0  0.2 | azure 8.1 cyan 1.6 CUT
 1272.9 0.08  27  0.2  0.0  0.0  0.0  0.2 | azure 8.4 cyan 2.8 CUT
 1273.4 0.10  26  0.3  0.0  0.0  0.0  0.4 | azure 7.7 cyan 3.3 CUT
 1273.9 0.10  25  0.5  0.0  0.0  0.0  0.6 | azure 9.6 cyan 2.5 CUT
 1274.4 0.11  25  0.5  0.0  0.0  0.0  0.7 | azure 11.7 cyan 2.0 CUT
 1274.9 0.09  28  0.6  0.0  0.0  0.0  0.6 | azure 16.6 cyan 1.2 CUT
 1275.4 0.05  40  0.1  0.0  0.0  0.0  0.0 | azure 15.1 cyan 0.4
 1275.9 0.06  25  0.1  0.0  0.0  0.0  0.0 | azure 20.5 cyan 0.4
 1276.4 0.05  34  0.0  0.0  0.0  0.0  0.0 | azure 15.0 cyan 0.4
 1276.9 0.04  47  0.0  0.0  0.0  0.0  0.0 | azure 13.9 cyan 0.4
 1277.4 0.04  56  0.1  0.0  0.0  0.0  0.0 | azure 8.3 cyan 0.6
 1277.9 0.04  67  0.1  0.0  0.0  0.0  0.0 | azure 3.0 cyan 0.9 CUT
 1278.4 0.01  91  0.0  0.0  0.0  0.0  0.0 | 
 1278.9 0.01  87  0.0  0.0  0.0  0.0  0.0 | azure 0.4
 1279.4 0.01  88  0.0  0.0  0.0  0.0  0.0 | azure 0.3
 1279.9 0.01  88  0.0  0.0  0.0  0.0  0.0 | azure 0.3
 1280.4 0.01  88  0.0  0.0  0.0  0.0  0.0 | azure 0.5
 1280.9 0.03  77  0.1  0.0  0.0  0.0  0.0 | azure 2.5 cyan 1.2 CUT
 1281.4 0.09  43  0.2  0.0  0.0  0.0  0.0 | azure 9.6 cyan 4.9
 1281.9 0.04  57  0.0  0.0  0.0  0.0  0.0 | azure 8.6 cyan 2.7
 1282.4 0.04  75  0.8  0.0  0.0  0.0  0.0 | azure 2.9 cyan 0.5 CUT
 1282.9 0.09  56  1.6  0.0  0.0  0.0  0.0 | azure 2.4 cyan 0.3
 1283.4 0.01  87  0.0  0.0  0.0  0.0  0.0 | azure 0.4
 1283.9 0.09  60  1.8  0.0  0.0  0.0  0.0 | azure 1.6 CUT
 1284.4 0.06  58  0.6  0.0  0.0  0.0  0.0 | azure 6.1 cyan 1.2
 1284.9 0.03  62  0.0  0.0  0.0  0.0  0.0 | azure 7.8 cyan 1.5
 1285.4 0.08  51  0.9  0.0  0.0  0.0  0.0 | azure 8.6 cyan 2.9 CUT
 1285.9 0.03  85  0.0  0.0  0.0  0.0  0.0 | cyan 3.6 azure 1.0
 1286.4 0.03  83  0.0  0.0  0.0  0.0  0.0 | cyan 2.9 azure 1.2
 1286.9 0.02  87  0.0  0.0  0.0  0.0  0.0 | azure 2.3 cyan 1.7
 1287.4 0.01  87  0.0  0.0  0.0  0.0  0.0 | azure 1.3 blue 1.1
 1287.9 0.01  88  0.0  0.0  0.0  0.0  0.0 | azure 1.0 blue 0.5
 1288.4 0.01  83  0.1  0.0  0.0  0.0  0.1 | violet 0.7 blue 0.7
 1288.9 0.02  80  0.1  0.0  0.0  0.0  0.2 | blue 1.4 violet 0.9
 1289.4 0.02  79  0.2  0.0  0.0  0.0  0.3 | blue 0.9 violet 0.8
 1289.9 0.03  66  0.1  0.0  0.0  0.0  0.1 | violet 1.0 azure 0.6
 1290.4 0.04  51  0.0  0.1  0.2  0.0  0.0 | blue 0.9 violet 0.5
 1290.9 0.04  48  0.0  0.1  0.1  0.0  0.0 | blue 1.2 azure 0.9
 1291.4 0.05  48  0.0  0.0  0.1  0.0  0.0 | blue 1.4 azure 0.4
 1291.9 0.06  47  0.0  0.0  0.0  0.0  0.1 | blue 1.0 azure 0.9
 1292.4 0.07  42  0.1  0.0  0.0  0.0  0.2 | blue 2.1 azure 0.7
 1292.9 0.08  41  0.1  0.0  0.1  0.0  0.2 | azure 4.5 cyan 1.8
 1293.4 0.07  45  0.1  0.1  0.3  0.0  0.1 | azure 4.2 cyan 1.4
 1293.9 0.06  47  0.1  0.0  0.1  0.0  0.2 | blue 1.4 violet 1.0
 1294.4 0.05  45  0.0  0.0  0.0  0.0  0.0 | blue 1.8 rose 0.7 CUT
 1294.9 0.04  45  0.0  0.6  0.8  0.4  0.0 | rose 1.1 red 0.5
 1295.4 0.07  32  0.2  0.5  0.9  0.1  0.3 | blue 2.8 violet 1.9
 1295.9 0.05  33  0.2  0.1  0.1  0.0  0.2 | blue 6.0 violet 2.0
 1296.4 0.04  41  0.1  0.1  0.0  0.1  0.1 | blue 5.0 violet 0.3
 1296.9 0.02  56  0.0  0.0  0.0  0.0  0.0 | blue 1.9 azure 0.4
 1297.4 0.03  34  0.0  0.0  0.0  0.0  0.0 | blue 5.8 azure 3.6
 1297.9 0.04  42  0.0  0.0  0.0  0.0  0.0 | azure 4.3 blue 2.5 CUT
 1298.4 0.07  34  0.0  0.0  0.0  0.0  0.0 | azure 6.3 cyan 4.0
 1298.9 0.06  64  0.7  0.0  0.0  0.1  1.0 | blue 1.7 cyan 1.4 CUT
 1299.4 0.09  67  1.8  0.0  0.0  0.0  3.1 | cyan 2.2 blue 1.9
 1299.9 0.09  63  1.0  0.0  0.0  0.0  1.2 | blue 2.5 magenta 1.6
 1300.4 0.08  65  0.8  0.3  0.4  0.2  1.4 | magenta 4.4 rose 3.6
 1300.9 0.09  58  0.8  2.7  2.9  2.6  1.5 | rose 8.1 magenta 1.9
 1301.4 0.06  65  0.3  1.0  1.2  0.7  0.6 | rose 4.3 magenta 1.2
 1301.9 0.03  77  0.3  0.2  0.3  0.1  0.6 | blue 1.7 violet 1.2
 1302.4 0.05  74  1.1  0.0  0.0  0.0  2.2 | blue 3.7 azure 1.0
 1302.9 0.05  69  1.0  0.0  0.0  0.0  1.2 | blue 1.4 violet 1.2
 1303.4 0.06  70  0.6  0.3  0.5  0.2  1.2 | magenta 3.5 rose 3.0
 1303.9 0.08  62  1.0  1.6  1.8  1.3  1.9 | rose 5.0 magenta 2.7
 1304.4 0.05  69  0.4  0.7  0.8  0.5  0.8 | rose 2.6 magenta 0.5
 1304.9 0.03  80  0.2  0.1  0.1  0.1  0.3 | blue 1.6 violet 0.7
 1305.4 0.06  73  1.2  0.0  0.0  0.0  2.4 | blue 3.1 azure 2.3
 1305.9 0.08  68  1.4  0.0  0.0  0.0  2.0 | cyan 3.3 azure 2.9
 1306.4 0.08  68  1.1  0.2  0.3  0.1  2.0 | magenta 2.1 rose 1.9
 1306.9 0.08  61  1.3  0.7  0.7  0.7  2.5 | magenta 3.8 rose 3.3
 1307.4 0.05  67  0.7  0.4  0.4  0.4  1.3 | rose 1.9 violet 1.9
 1307.9 0.03  81  0.1  0.3  0.4  0.1  0.1 | rose 1.1 azure 0.7
 1308.4 0.04  78  0.0  0.6  1.2  0.0  0.0 | cyan 3.8 azure 1.4
 1308.9 0.06  69  0.1  1.1  2.2  0.0  0.2 | cyan 3.1 rose 2.6
 1309.4 0.08  65  0.2  0.7  1.4  0.0  0.3 | rose 3.7 cyan 2.3
 1309.9 0.08  51  0.0  1.8  3.7  0.0  0.0 | rose 3.8 azure 2.2 CUT
 1310.4 0.09  52  0.1  0.4  0.8  0.0  0.0 | azure 2.5 cyan 2.3
 1310.9 0.09  55  0.2  0.1  0.1  0.0  0.0 | cyan 2.5 azure 2.4
 1311.4 0.06  62  0.1  0.0  0.0  0.0  0.0 | azure 2.0 cyan 1.7
 1311.9 0.06  65  0.4  0.0  0.0  0.0  0.3 | azure 1.5 cyan 1.2
 1312.4 0.08  62  0.7  0.4  0.0  0.7  0.9 | azure 1.2 cyan 0.8
 1312.9 0.09  53  1.3  3.6  2.0  5.1  1.6 | red 5.6 rose 0.6
 1313.4 0.10  45  1.8  6.1  3.2  8.9  2.3 | red 8.3 rose 1.2
 1313.9 0.09  44  1.4  4.2  2.4  6.1  1.9 | red 6.7 rose 0.7
 1314.4 0.09  15  0.4  2.6  4.1  1.1  0.7 | rose 2.7 red 2.5 CUT
 1314.9 0.04  37  0.1  1.4  2.5  0.4  0.1 | rose 2.0 red 0.3
 1315.4 0.02  75  0.0  1.5  1.2  1.8  0.0 | rose 1.5 red 0.8
 1315.9 0.01  93  0.0  0.7  0.5  0.9  0.0 | rose 0.7 red 0.3
 1316.4 0.00  99  0.0  0.1  0.0  0.1  0.0 | 
 1316.9 0.00 100  0.0  0.1  0.0  0.1  0.0 | 
 1317.4 0.00  99  0.0  0.1  0.0  0.2  0.0 | 
