# span 09: video 1317.59-1449.85 s (show time = video - 0.036). Columns per 0.5 s: luma(0-1) dark% white% fire% fireUpper% fireLower% whiteUpper% | top saturated hues (% of frame)
# camera cuts (video s): [1373.8, 1376.88, 1380.16, 1417.28, 1435.96, 1437.48, 1438.96, 1441.92]
# sudden brightening frames (flash/strobe/fireball candidates, luma +0.05 in 1/25 s): [1376.88, 1428.88, 1435.96, 1437.48, 1438.92]
 1317.6 0.00  99  0.0  0.2  0.1  0.4  0.0 | 
 1318.1 0.01  95  0.0  0.7  0.3  1.1  0.0 | rose 0.7 red 0.3
 1318.6 0.01  88  0.0  1.4  0.7  2.1  0.0 | rose 1.2 red 0.7
 1319.1 0.01  87  0.0  1.6  1.3  2.0  0.0 | rose 1.3 red 1.0
 1319.6 0.01  90  0.0  1.7  1.5  1.9  0.0 | rose 1.6 red 0.9
 1320.1 0.01  92  0.0  1.0  0.7  1.3  0.0 | rose 1.1 red 0.5
 1320.6 0.01  89  0.0  0.8  0.3  1.3  0.0 | rose 1.3 magenta 0.5
 1321.1 0.02  83  0.0  1.5  1.1  1.8  0.0 | rose 2.3 magenta 0.6
 1321.6 0.02  80  0.0  2.7  2.5  2.8  0.0 | rose 3.4 red 0.9
 1322.1 0.02  85  0.0  2.0  2.3  1.8  0.0 | rose 2.3 red 0.8
 1322.6 0.00  93  0.0  0.2  0.3  0.1  0.0 | 
 1323.1 0.00  96  0.0  0.1  0.1  0.0  0.0 | 
 1323.6 0.00  98  0.0  0.0  0.0  0.0  0.0 | 
 1324.1 0.00  97  0.0  0.0  0.0  0.0  0.0 | 
 1324.6 0.00  97  0.0  0.0  0.0  0.0  0.0 | 
 1325.1 0.00  96  0.0  0.0  0.0  0.0  0.0 | 
 1325.6 0.01  96  0.0  0.0  0.0  0.0  0.0 | 
 1326.1 0.01  95  0.0  0.0  0.0  0.0  0.0 | 
 1326.6 0.01  95  0.0  0.0  0.0  0.1  0.0 | 
 1327.1 0.01  95  0.0  0.0  0.0  0.0  0.0 | 
 1327.6 0.01  95  0.0  0.0  0.0  0.0  0.0 | 
 1328.1 0.01  95  0.0  0.0  0.0  0.0  0.0 | 
 1328.6 0.01  95  0.0  0.0  0.0  0.0  0.0 | 
 1329.1 0.01  95  0.0  0.0  0.0  0.0  0.0 | 
 1329.6 0.01  95  0.0  0.0  0.0  0.0  0.0 | 
 1330.1 0.01  95  0.0  0.0  0.0  0.0  0.0 | 
 1330.6 0.01  95  0.0  0.0  0.0  0.0  0.0 | 
 1331.1 0.01  95  0.0  0.0  0.0  0.0  0.0 | 
 1331.6 0.01  95  0.0  0.0  0.0  0.0  0.0 | 
 1332.1 0.01  95  0.0  0.0  0.0  0.0  0.0 | 
 1332.6 0.01  94  0.0  0.0  0.0  0.0  0.0 | 
 1333.1 0.01  94  0.0  0.0  0.0  0.0  0.0 | 
 1333.6 0.01  94  0.0  0.0  0.0  0.0  0.0 | 
 1334.1 0.01  94  0.0  0.0  0.0  0.0  0.0 | 
 1334.6 0.01  94  0.0  0.0  0.0  0.0  0.0 | 
 1335.1 0.01  94  0.0  0.0  0.0  0.0  0.0 | 
 1335.6 0.01  94  0.0  0.0  0.0  0.0  0.0 | 
 1336.1 0.01  94  0.0  0.0  0.0  0.0  0.0 | 
 1336.6 0.01  94  0.0  0.0  0.0  0.0  0.0 | 
 1337.1 0.01  94  0.0  0.0  0.0  0.0  0.0 | 
 1337.6 0.01  93  0.0  0.0  0.0  0.0  0.0 | 
 1338.1 0.01  93  0.0  0.0  0.0  0.0  0.0 | 
 1338.6 0.01  93  0.0  0.0  0.0  0.0  0.0 | 
 1339.1 0.01  92  0.0  0.0  0.0  0.0  0.0 | 
 1339.6 0.01  92  0.0  0.0  0.0  0.0  0.0 | 
 1340.1 0.01  92  0.0  0.0  0.0  0.0  0.0 | 
 1340.6 0.02  92  0.0  0.0  0.0  0.0  0.0 | 
 1341.1 0.02  92  0.0  0.0  0.0  0.0  0.0 | 
 1341.6 0.02  92  0.1  0.0  0.0  0.0  0.0 | 
 1342.1 0.02  92  0.1  0.0  0.0  0.0  0.0 | 
 1342.6 0.02  92  0.1  0.0  0.0  0.1  0.0 | 
 1343.1 0.02  91  0.1  0.0  0.0  0.1  0.0 | 
 1343.6 0.02  92  0.1  0.0  0.0  0.1  0.0 | 
 1344.1 0.01  93  0.1  0.0  0.0  0.1  0.0 | 
 1344.6 0.01  94  0.0  0.0  0.0  0.1  0.0 | 
 1345.1 0.01  93  0.0  0.0  0.0  0.0  0.0 | 
 1345.6 0.01  92  0.0  0.0  0.0  0.1  0.0 | 
 1346.1 0.03  90  0.2  0.0  0.0  0.0  0.0 | 
 1346.6 0.03  90  0.1  0.0  0.0  0.1  0.0 | 
 1347.1 0.03  90  0.1  0.0  0.0  0.1  0.0 | 
 1347.6 0.02  90  0.1  0.1  0.0  0.1  0.0 | 
 1348.1 0.02  90  0.1  0.1  0.0  0.1  0.0 | 
 1348.6 0.02  90  0.1  0.0  0.0  0.1  0.0 | 
 1349.1 0.02  90  0.1  0.1  0.0  0.1  0.0 | 
 1349.6 0.02  90  0.1  0.1  0.0  0.2  0.0 | 
 1350.1 0.02  90  0.1  0.1  0.0  0.2  0.0 | 
 1350.6 0.02  90  0.1  0.1  0.0  0.2  0.0 | 
 1351.1 0.02  90  0.1  0.1  0.0  0.1  0.0 | 
 1351.6 0.02  91  0.1  0.0  0.0  0.1  0.0 | 
 1352.1 0.02  91  0.1  0.0  0.0  0.0  0.0 | 
 1352.6 0.02  90  0.1  0.0  0.0  0.0  0.0 | 
 1353.1 0.02  91  0.1  0.0  0.0  0.0  0.0 | 
 1353.6 0.02  91  0.1  0.0  0.0  0.1  0.0 | 
 1354.1 0.02  91  0.1  0.0  0.0  0.0  0.0 | 
 1354.6 0.02  91  0.0  0.1  0.0  0.1  0.0 | 
 1355.1 0.02  90  0.0  0.1  0.0  0.1  0.0 | 
 1355.6 0.02  90  0.0  0.1  0.0  0.1  0.0 | 
 1356.1 0.02  90  0.0  0.1  0.0  0.2  0.0 | 
 1356.6 0.02  91  0.0  0.1  0.0  0.1  0.0 | 
 1357.1 0.02  91  0.0  0.1  0.0  0.1  0.0 | 
 1357.6 0.02  91  0.0  0.1  0.0  0.1  0.0 | 
 1358.1 0.02  91  0.0  0.1  0.0  0.2  0.0 | 
 1358.6 0.02  91  0.0  0.1  0.0  0.2  0.0 | 
 1359.1 0.02  91  0.0  0.1  0.1  0.1  0.0 | 
 1359.6 0.02  91  0.0  0.1  0.1  0.1  0.0 | 
 1360.1 0.02  92  0.0  0.1  0.0  0.1  0.0 | 
 1360.6 0.02  92  0.0  0.1  0.0  0.1  0.0 | 
 1361.1 0.02  92  0.0  0.1  0.1  0.1  0.0 | 
 1361.6 0.01  92  0.0  0.1  0.1  0.0  0.0 | 
 1362.1 0.01  92  0.0  0.1  0.1  0.1  0.0 | 
 1362.6 0.01  92  0.0  0.1  0.0  0.1  0.0 | 
 1363.1 0.01  92  0.0  0.1  0.0  0.1  0.0 | 
 1363.6 0.01  92  0.0  0.1  0.0  0.1  0.0 | 
 1364.1 0.01  92  0.0  0.1  0.0  0.1  0.0 | 
 1364.6 0.01  92  0.0  0.1  0.0  0.1  0.0 | 
 1365.1 0.01  92  0.0  0.1  0.1  0.1  0.0 | 
 1365.6 0.01  92  0.0  0.0  0.1  0.0  0.0 | 
 1366.1 0.01  92  0.0  0.0  0.1  0.0  0.0 | 
 1366.6 0.01  92  0.0  0.0  0.1  0.0  0.0 | 
 1367.1 0.01  92  0.0  0.0  0.1  0.0  0.0 | 
 1367.6 0.01  92  0.0  0.0  0.1  0.0  0.0 | 
 1368.1 0.01  91  0.0  0.1  0.1  0.0  0.0 | 
 1368.6 0.01  91  0.0  0.1  0.1  0.0  0.0 | 
 1369.1 0.01  91  0.0  0.1  0.1  0.0  0.0 | 
 1369.6 0.01  91  0.0  0.1  0.1  0.0  0.0 | 
 1370.1 0.01  91  0.0  0.1  0.1  0.0  0.0 | 
 1370.6 0.02  89  0.0  0.1  0.0  0.1  0.0 | 
 1371.1 0.03  86  0.0  0.1  0.0  0.3  0.0 | 
 1371.6 0.03  86  0.0  0.1  0.0  0.2  0.0 | 
 1372.1 0.03  85  0.0  0.1  0.0  0.2  0.0 | 
 1372.6 0.04  85  0.0  0.1  0.0  0.2  0.0 | 
 1373.1 0.03  85  0.0  0.1  0.0  0.1  0.0 | 
 1373.6 0.05  76  0.0  0.6  0.0  1.1  0.0 | orange 0.9 CUT
 1374.1 0.06  71  0.0  0.8  0.0  1.6  0.0 | orange 1.4
 1374.6 0.06  71  0.0  0.8  0.0  1.6  0.0 | orange 1.4
 1375.1 0.06  71  0.0  0.8  0.0  1.5  0.0 | orange 1.4
 1375.6 0.06  69  0.0  0.6  0.0  1.2  0.0 | orange 1.2
 1376.1 0.06  71  0.0  0.7  0.0  1.3  0.0 | orange 1.1
 1376.6 0.15  38  0.0  2.4  0.4  4.3  0.0 | orange 4.5 CUT
 1377.1 0.26   0  0.0  4.2  1.0  7.5  0.0 | orange 8.0
 1377.6 0.27   0  0.0  5.4  2.7  8.1  0.0 | orange 11.1
 1378.1 0.27   0  0.0  4.5  1.2  7.8  0.0 | orange 8.9
 1378.6 0.28   0  0.0  5.6  2.0  9.3  0.0 | orange 11.5
 1379.1 0.27   0  0.0  5.1  1.9  8.2  0.0 | orange 10.1
 1379.6 0.33   0  0.0 10.9  5.7 16.1  0.0 | orange 24.2
 1380.1 0.06  76  0.0  0.6  0.3  0.9  0.0 | orange 1.2 CUT
 1380.6 0.00  97  0.0  0.0  0.0  0.0  0.0 | 
 1381.1 0.01  88  0.0  0.2  0.2  0.1  0.0 | 
 1381.6 0.03  74  0.0  0.7  0.8  0.6  0.0 | orange 0.5 red 0.4
 1382.1 0.02  81  0.0  0.4  0.6  0.2  0.0 | blue 0.6
 1382.6 0.02  86  0.0  0.3  0.4  0.2  0.0 | blue 1.0
 1383.1 0.03  79  0.0  0.4  0.4  0.3  0.0 | blue 1.3
 1383.6 0.04  75  0.0  0.4  0.5  0.3  0.0 | blue 1.7 rose 0.3
 1384.1 0.03  74  0.0  0.4  0.5  0.3  0.0 | blue 2.4 rose 0.4
 1384.6 0.03  72  0.0  0.5  0.6  0.3  0.0 | blue 3.2 rose 0.4
 1385.1 0.02  72  0.0  0.5  0.6  0.4  0.0 | blue 4.2 rose 0.4
 1385.6 0.02  72  0.0  0.5  0.6  0.4  0.0 | blue 4.9 rose 0.5
 1386.1 0.01  73  0.0  0.5  0.6  0.4  0.0 | blue 5.1 rose 0.5
 1386.6 0.02  72  0.0  0.5  0.7  0.3  0.0 | blue 5.2 rose 0.6
 1387.1 0.02  72  0.0  0.6  0.8  0.3  0.0 | blue 5.1 rose 0.7
 1387.6 0.02  71  0.0  0.6  0.8  0.3  0.0 | blue 5.3 rose 0.8
 1388.1 0.02  70  0.0  0.6  0.8  0.3  0.0 | blue 5.3 rose 0.9
 1388.6 0.02  68  0.0  0.6  0.9  0.3  0.0 | blue 5.3 rose 1.0
 1389.1 0.02  65  0.0  0.7  1.0  0.3  0.0 | blue 5.7 rose 1.2
 1389.6 0.02  62  0.0  0.7  1.2  0.3  0.0 | blue 6.1 rose 1.4
 1390.1 0.02  62  0.0  0.9  1.4  0.3  0.0 | blue 6.0 rose 1.6
 1390.6 0.02  61  0.0  0.9  1.5  0.3  0.0 | blue 5.7 rose 1.8
 1391.1 0.03  60  0.0  0.9  1.6  0.2  0.0 | blue 5.1 rose 1.9
 1391.6 0.03  59  0.0  0.9  1.6  0.2  0.0 | blue 4.6 rose 1.9
 1392.1 0.03  58  0.0  1.0  1.7  0.3  0.0 | blue 4.3 rose 1.9
 1392.6 0.03  55  0.0  1.0  1.6  0.3  0.0 | blue 4.2 rose 2.0
 1393.1 0.04  52  0.0  0.9  1.5  0.3  0.0 | blue 3.9 rose 1.9
 1393.6 0.04  49  0.0  1.0  1.6  0.4  0.0 | blue 3.9 rose 1.9
 1394.1 0.04  45  0.0  1.1  1.6  0.7  0.0 | blue 3.5 rose 2.1
 1394.6 0.04  40  0.0  1.1  1.4  0.7  0.0 | blue 3.1 rose 2.2
 1395.1 0.05  38  0.0  1.0  1.1  0.8  0.0 | blue 3.0 magenta 2.2
 1395.6 0.05  32  0.0  0.8  0.9  0.6  0.0 | blue 3.2 magenta 2.7
 1396.1 0.05  28  0.0  0.7  0.8  0.6  0.0 | blue 3.3 violet 2.8
 1396.6 0.05  34  0.0  0.8  1.0  0.5  0.0 | blue 3.3 violet 3.1
 1397.1 0.05  33  0.0  0.8  1.1  0.5  0.0 | blue 3.7 violet 3.0
 1397.6 0.05  33  0.0  0.8  1.1  0.5  0.0 | blue 4.1 violet 2.9
 1398.1 0.05  33  0.0  0.9  1.1  0.6  0.0 | blue 4.2 violet 2.8
 1398.6 0.05  31  0.0  0.8  1.0  0.6  0.0 | blue 4.7 violet 3.1
 1399.1 0.05  35  0.0  0.7  1.0  0.4  0.0 | blue 4.3 violet 3.0
 1399.6 0.05  38  0.0  0.8  1.2  0.5  0.0 | blue 4.1 violet 2.7
 1400.1 0.04  40  0.0  0.9  1.0  0.8  0.0 | blue 4.1 violet 2.5
 1400.6 0.04  41  0.0  0.9  0.9  0.8  0.0 | blue 3.9 magenta 2.2
 1401.1 0.04  41  0.0  0.8  0.8  0.7  0.0 | blue 3.3 magenta 2.2
 1401.6 0.04  42  0.0  0.7  0.7  0.7  0.0 | blue 3.3 magenta 2.3
 1402.1 0.04  46  0.0  0.7  0.7  0.7  0.0 | blue 3.4 magenta 2.2
 1402.6 0.04  45  0.0  0.7  0.7  0.7  0.0 | blue 3.8 magenta 2.4
 1403.1 0.04  56  0.0  0.8  0.9  0.7  0.0 | rose 2.2 magenta 2.0
 1403.6 0.03  60  0.0  1.0  1.3  0.7  0.0 | rose 2.5 magenta 1.7
 1404.1 0.03  63  0.0  1.2  1.6  0.7  0.0 | rose 2.6 magenta 1.5
 1404.6 0.03  64  0.0  1.3  1.8  0.7  0.0 | rose 2.7 magenta 1.2
 1405.1 0.03  67  0.0  1.5  1.8  1.1  0.0 | rose 2.7 magenta 1.1
 1405.6 0.03  69  0.0  1.5  1.5  1.5  0.0 | rose 2.5 magenta 1.0
 1406.1 0.02  72  0.0  1.3  0.9  1.8  0.0 | rose 2.0 magenta 0.8
 1406.6 0.02  78  0.0  1.1  0.3  1.8  0.0 | rose 1.5 red 0.5
 1407.1 0.01  83  0.0  0.8  0.0  1.6  0.0 | rose 1.1 red 0.3
 1407.6 0.01  89  0.0  0.3  0.0  0.7  0.0 | rose 0.4
 1408.1 0.01  92  0.0  0.0  0.0  0.0  0.0 | magenta 0.4
 1408.6 0.01  90  0.0  0.0  0.0  0.0  0.0 | magenta 0.7 violet 0.6
 1409.1 0.01  89  0.0  0.0  0.0  0.0  0.0 | magenta 1.3 violet 0.8
 1409.6 0.01  89  0.0  0.0  0.0  0.1  0.0 | magenta 1.8 violet 0.5
 1410.1 0.01  91  0.0  0.2  0.1  0.2  0.0 | magenta 1.3 rose 0.9
 1410.6 0.01  92  0.0  0.2  0.2  0.2  0.0 | magenta 0.8 rose 0.8
 1411.1 0.00  97  0.0  0.0  0.0  0.0  0.0 | 
 1411.6 0.00  98  0.0  0.0  0.0  0.0  0.0 | 
 1412.1 0.00  98  0.0  0.0  0.0  0.0  0.0 | 
 1412.6 0.00  98  0.0  0.0  0.0  0.0  0.0 | 
 1413.1 0.00  98  0.0  0.0  0.0  0.0  0.0 | 
 1413.6 0.00 100  0.0  0.0  0.0  0.0  0.0 | 
 1414.1 0.01  90  0.0  0.6  0.0  1.3  0.0 | rose 0.9
 1414.6 0.03  78  0.0  0.5  0.0  1.1  0.0 | red 0.4 rose 0.4
 1415.1 0.05  69  0.0  1.5  0.0  3.0  0.0 | rose 1.4 red 0.8
 1415.6 0.06  64  0.0  1.6  0.0  3.2  0.0 | red 1.2 rose 1.1
 1416.1 0.04  71  0.0  0.7  0.0  1.3  0.0 | red 0.5 rose 0.4
 1416.6 0.12  41  0.1  1.3  0.0  2.5  0.0 | red 1.0 rose 1.0
 1417.1 0.07  66  0.1  0.4  0.1  0.7  0.1 | rose 0.8 magenta 0.5 CUT
 1417.6 0.02  88  0.1  0.2  0.1  0.2  0.1 | magenta 0.5 rose 0.4
 1418.1 0.02  85  0.1  0.2  0.2  0.3  0.2 | magenta 0.9 rose 0.8
 1418.6 0.03  85  0.1  0.2  0.1  0.3  0.2 | rose 0.7 magenta 0.5
 1419.1 0.02  86  0.1  0.2  0.1  0.3  0.2 | rose 0.5 magenta 0.4
 1419.6 0.03  85  0.1  0.2  0.2  0.3  0.2 | rose 0.7 magenta 0.7
 1420.1 0.02  86  0.2  0.2  0.2  0.3  0.1 | rose 0.6 magenta 0.4
 1420.6 0.02  87  0.1  0.2  0.1  0.3  0.1 | rose 0.5 magenta 0.5
 1421.1 0.03  85  0.1  0.2  0.2  0.3  0.2 | magenta 0.9 rose 0.7
 1421.6 0.03  85  0.1  0.2  0.2  0.3  0.2 | rose 0.6 magenta 0.6
 1422.1 0.02  85  0.1  0.2  0.2  0.2  0.2 | magenta 0.7 rose 0.6
 1422.6 0.03  84  0.1  0.2  0.2  0.2  0.2 | rose 0.7 magenta 0.6
 1423.1 0.03  78  0.0  0.6  0.1  1.2  0.1 | rose 1.0
 1423.6 0.03  72  0.0  0.5  0.0  1.0  0.0 | rose 0.7
 1424.1 0.04  68  0.0  0.6  0.0  1.1  0.1 | rose 0.9
 1424.6 0.04  70  0.0  1.0  0.0  2.0  0.0 | rose 1.6 red 0.3
 1425.1 0.04  67  0.0  0.7  0.0  1.5  0.1 | rose 1.1
 1425.6 0.08  60  0.1  0.2  0.0  0.4  0.1 | rose 0.6
 1426.1 0.03  73  0.0  0.8  0.1  1.5  0.0 | rose 1.5 magenta 0.5
 1426.6 0.03  78  0.1  1.1  0.6  1.5  0.1 | red 1.0 rose 0.8
 1427.1 0.07  55  0.2  5.9  2.9  8.9  0.1 | rose 7.0 red 3.8
 1427.6 0.05  61  0.1  3.7  2.1  5.4  0.0 | rose 3.6 red 2.7
 1428.1 0.09  37  0.2  7.6  3.7 11.5  0.0 | rose 8.2 red 4.9
 1428.6 0.08  39  0.2  6.1  3.0  9.3  0.0 | rose 5.1 red 4.1
 1429.1 0.04  58  0.1  2.1  1.5  2.7  0.0 | red 1.7 rose 1.7
 1429.6 0.05  58  0.0  3.1  2.3  3.9  0.0 | rose 2.7 red 2.4
 1430.1 0.04  68  0.0  1.9  1.3  2.4  0.0 | red 1.9 rose 1.1
 1430.6 0.04  70  0.0  2.1  1.3  2.8  0.0 | red 2.1 rose 1.0
 1431.1 0.05  70  0.1  1.4  1.1  1.6  0.0 | rose 1.4 red 1.2
 1431.6 0.03  78  0.1  0.7  0.8  0.7  0.1 | red 0.7 rose 0.6
 1432.1 0.03  80  0.0  0.7  0.6  0.8  0.0 | magenta 0.9 red 0.7
 1432.6 0.03  73  0.0  1.9  0.3  3.5  0.0 | rose 1.5 red 1.4
 1433.1 0.02  74  0.0  1.3  0.0  2.5  0.0 | red 1.1 rose 0.7
 1433.6 0.04  68  0.0  2.6  0.0  5.2  0.0 | rose 2.1 red 1.7
 1434.1 0.03  70  0.0  1.8  0.0  3.6  0.0 | rose 1.4 red 1.2
 1434.6 0.04  70  0.0  1.8  0.0  3.7  0.0 | red 1.4 rose 1.2
 1435.1 0.04  68  0.0  2.6  0.0  5.1  0.0 | rose 2.1 red 1.6
 1435.6 0.08  49  0.1  7.0  3.0 11.1  0.0 | red 4.9 rose 4.8 CUT
 1436.1 0.10  13  0.0  9.6  6.1 13.0  0.0 | rose 7.0 red 6.3
 1436.6 0.12   5  0.0 13.6  8.9 18.2  0.0 | rose 14.0 red 5.7
 1437.1 0.10  13  0.0  8.6  6.7 10.5  0.0 | rose 7.8 red 4.6 CUT
 1437.6 0.12  18  0.1  7.2  5.4  8.9  0.1 | rose 5.3 red 4.6
 1438.1 0.10  25  0.0  1.5  1.3  1.7  0.1 | red 1.7
 1438.6 0.09  45  0.5  1.3  0.7  1.8  0.5 | red 1.4 rose 0.3 CUT
 1439.1 0.09  71  2.3  0.6  0.4  0.8  3.3 | rose 1.8 magenta 0.8
 1439.6 0.10  65  2.7  0.9  0.4  1.4  3.8 | rose 3.8 magenta 1.5
 1440.1 0.08  67  2.0  1.5  0.8  2.2  3.1 | rose 5.1 magenta 1.6
 1440.6 0.12  65  3.4  0.9  0.3  1.4  4.9 | rose 2.1 red 0.9
 1441.1 0.10  66  2.5  1.6  0.5  2.6  3.8 | rose 4.9 magenta 1.0
 1441.6 0.09  59  1.3  1.1  1.1  1.0  2.2 | rose 2.3 red 0.8 CUT
 1442.1 0.10  41  0.8  2.1  3.5  0.7  1.5 | rose 3.0 red 1.4
 1442.6 0.11  38  0.9  2.1  3.7  0.5  1.8 | rose 3.9 red 1.2
 1443.1 0.08  43  0.5  2.1  3.7  0.5  1.1 | rose 4.1 red 1.2
 1443.6 0.12  36  0.8  2.5  4.2  0.8  1.6 | rose 3.4 red 1.6
 1444.1 0.10  31  0.5  2.4  4.2  0.6  1.1 | rose 4.8 red 1.2
 1444.6 0.09  37  0.5  2.5  4.5  0.5  1.0 | rose 4.3 red 1.3
 1445.1 0.12  29  0.8  4.3  6.2  2.4  1.4 | rose 6.2 red 2.5
 1445.6 0.11  30  0.6  4.4  4.9  3.9  0.8 | rose 6.7 red 2.7
 1446.1 0.13  30  0.7  7.6  5.7  9.5  0.9 | rose 10.5 red 4.5
 1446.6 0.19  25  1.6  7.7  3.0 12.5  1.1 | rose 8.4 red 5.4
 1447.1 0.14  28  0.7  3.9  0.9  6.9  0.7 | rose 7.6 red 2.2
 1447.6 0.12  37  0.8  0.7  0.1  1.4  0.2 | rose 1.7 magenta 1.5
 1448.1 0.10  51  1.3  0.2  0.0  0.4  0.2 | magenta 1.4 rose 1.2
 1448.6 0.11  51  0.7  0.3  0.2  0.5  0.7 | red 1.2 magenta 0.9
 1449.1 0.12  44  1.5  1.3  0.4  2.1  0.8 | red 3.6 magenta 0.5
 1449.6 0.15  32  4.0  1.5  1.5  1.4  4.3 | red 4.5 magenta 0.5
