# span 10: video 1449.85-1581.12 s (show time = video - 0.036). Columns per 0.5 s: luma(0-1) dark% white% fire% fireUpper% fireLower% whiteUpper% | top saturated hues (% of frame)
# camera cuts (video s): [1472.96, 1492.92, 1497.72, 1498.92, 1499.8, 1500.64, 1502.88, 1507.04, 1508.48, 1509.8, 1510.44, 1515.32, 1518.28, 1520.04, 1520.8, 1535.0]
# sudden brightening frames (flash/strobe/fireball candidates, luma +0.05 in 1/25 s): [1492.92, 1499.04, 1508.48, 1508.56, 1508.6, 1509.6, 1518.28, 1535.0, 1565.4, 1565.44, 1565.48]
 1449.9 0.13  39  3.8  1.4  1.2  1.5  5.3 | red 3.1 magenta 0.6
 1450.4 0.05  61  0.4  0.7  0.4  1.1  0.6 | red 1.0 rose 0.4
 1450.9 0.02  80  0.2  0.3  0.3  0.2  0.3 | magenta 0.4
 1451.4 0.03  83  0.8  0.3  0.0  0.5  0.2 | rose 0.6 red 0.3
 1451.9 0.06  79  2.0  0.5  0.0  1.0  1.1 | rose 0.9 red 0.6
 1452.4 0.08  75  2.8  1.0  0.0  2.0  2.2 | red 1.4 rose 1.2
 1452.9 0.09  74  2.7  1.4  0.0  2.8  2.4 | red 2.0 rose 1.2
 1453.4 0.08  75  1.6  1.4  0.0  2.7  1.6 | red 1.9 rose 1.3
 1453.9 0.07  77  0.9  1.1  0.1  2.0  0.7 | rose 1.5 red 1.5
 1454.4 0.06  79  0.5  0.8  0.0  1.5  0.3 | rose 1.4 red 0.9
 1454.9 0.05  80  0.4  0.7  0.0  1.4  0.1 | rose 1.2 red 0.8
 1455.4 0.05  79  0.4  0.9  0.0  1.7  0.0 | red 1.2 rose 0.8
 1455.9 0.04  80  0.1  1.0  0.0  1.9  0.0 | red 1.1 rose 0.4
 1456.4 0.03  84  0.1  0.4  0.0  0.9  0.0 | red 0.5
 1456.9 0.01  91  0.0  0.1  0.0  0.2  0.0 | 
 1457.4 0.00  95  0.0  0.0  0.0  0.0  0.0 | 
 1457.9 0.00  97  0.0  0.0  0.0  0.0  0.0 | 
 1458.4 0.00  97  0.0  0.0  0.0  0.0  0.0 | 
 1458.9 0.00  98  0.0  0.0  0.0  0.0  0.0 | 
 1459.4 0.00  98  0.0  0.0  0.0  0.0  0.0 | 
 1459.9 0.00  98  0.0  0.0  0.0  0.0  0.0 | 
 1460.4 0.00  99  0.0  0.0  0.0  0.0  0.0 | 
 1460.9 0.00  97  0.0  0.1  0.1  0.2  0.0 | 
 1461.4 0.01  89  0.0  0.2  0.1  0.3  0.0 | violet 0.6 blue 0.4
 1461.9 0.01  78  0.0  0.4  0.1  0.7  0.0 | violet 0.9 magenta 0.7
 1462.4 0.02  69  0.0  1.0  0.1  2.0  0.0 | violet 1.3 rose 1.2
 1462.9 0.03  56  0.0  0.9  0.1  1.8  0.0 | violet 2.3 magenta 1.6
 1463.4 0.04  43  0.0  0.7  0.1  1.4  0.0 | violet 3.1 magenta 1.9
 1463.9 0.05  38  0.0  0.8  0.2  1.4  0.0 | blue 5.9 violet 4.7
 1464.4 0.05  35  0.0  0.7  0.3  1.2  0.0 | violet 6.9 blue 6.3
 1464.9 0.06  30  0.0  0.9  0.3  1.5  0.0 | violet 9.0 blue 5.8
 1465.4 0.07  26  0.0  1.4  0.3  2.4  0.0 | blue 9.3 violet 6.9
 1465.9 0.07  25  0.0  1.5  0.4  2.7  0.0 | violet 9.6 blue 4.1
 1466.4 0.07  22  0.0  1.1  0.4  1.8  0.0 | violet 14.1 magenta 4.4
 1466.9 0.08  19  0.0  0.9  0.4  1.4  0.0 | violet 17.7 magenta 5.0
 1467.4 0.08  17  0.0  1.1  0.5  1.7  0.0 | violet 18.5 magenta 4.3
 1467.9 0.08  15  0.0  1.1  0.5  1.8  0.0 | violet 15.9 magenta 4.1
 1468.4 0.08  12  0.0  1.1  0.5  1.8  0.0 | violet 9.4 blue 6.5
 1468.9 0.07  10  0.0  1.5  0.6  2.4  0.0 | violet 6.7 blue 4.9
 1469.4 0.06  11  0.0  1.3  0.6  2.1  0.0 | violet 5.4 magenta 4.5
 1469.9 0.06  10  0.0  1.2  0.6  1.8  0.0 | magenta 5.3 violet 5.0
 1470.4 0.07  10  0.0  1.3  0.7  2.0  0.0 | magenta 6.1 rose 4.4
 1470.9 0.06  14  0.0  1.7  0.6  2.7  0.0 | magenta 5.7 rose 4.9
 1471.4 0.06  15  0.0  1.8  0.7  3.0  0.0 | rose 5.1 magenta 4.8
 1471.9 0.06  15  0.0  1.7  0.7  2.6  0.0 | rose 4.8 magenta 4.3
 1472.4 0.06  16  0.0  1.8  0.8  2.8  0.0 | rose 4.9 magenta 3.9
 1472.9 0.02  68  0.0  0.5  0.1  0.9  0.0 | rose 1.3 violet 1.1 CUT
 1473.4 0.02  68  0.0  0.3  0.0  0.5  0.0 | violet 2.4 blue 1.2
 1473.9 0.03  63  0.0  0.2  0.0  0.4  0.0 | violet 3.4 blue 2.1
 1474.4 0.02  65  0.0  0.2  0.0  0.4  0.0 | violet 3.1 blue 1.9
 1474.9 0.03  62  0.0  0.3  0.0  0.6  0.0 | violet 3.4 blue 1.7
 1475.4 0.03  62  0.0  0.2  0.0  0.4  0.0 | violet 3.8 blue 2.1
 1475.9 0.02  66  0.0  0.2  0.0  0.3  0.0 | violet 3.3 magenta 1.2
 1476.4 0.02  65  0.0  0.2  0.0  0.4  0.0 | violet 4.2 blue 1.4
 1476.9 0.02  66  0.0  0.2  0.0  0.3  0.0 | violet 4.5 blue 1.3
 1477.4 0.02  67  0.0  0.2  0.0  0.3  0.0 | violet 4.9 blue 1.7
 1477.9 0.03  64  0.0  0.3  0.0  0.6  0.0 | violet 5.4 blue 2.4
 1478.4 0.03  63  0.0  0.2  0.0  0.4  0.0 | violet 4.4 blue 2.6
 1478.9 0.02  66  0.0  0.2  0.0  0.3  0.0 | violet 2.7 blue 2.1
 1479.4 0.02  64  0.0  0.3  0.0  0.5  0.0 | violet 3.6 blue 1.9
 1479.9 0.03  62  0.0  0.2  0.0  0.4  0.0 | violet 3.9 blue 2.4
 1480.4 0.02  65  0.0  0.2  0.0  0.3  0.0 | violet 3.0 blue 1.1
 1480.9 0.02  66  0.0  0.2  0.0  0.4  0.0 | violet 3.3 blue 1.4
 1481.4 0.02  66  0.0  0.2  0.0  0.3  0.0 | violet 3.0 blue 1.9
 1481.9 0.02  69  0.0  0.1  0.0  0.2  0.0 | violet 2.4 blue 1.4
 1482.4 0.02  67  0.0  0.2  0.0  0.4  0.0 | violet 2.9 blue 1.4
 1482.9 0.02  66  0.0  0.2  0.0  0.3  0.0 | violet 2.8 blue 1.5
 1483.4 0.02  68  0.0  0.1  0.0  0.3  0.0 | violet 2.4 blue 1.2
 1483.9 0.02  67  0.0  0.2  0.0  0.4  0.0 | violet 2.4 magenta 1.1
 1484.4 0.02  70  0.0  0.2  0.0  0.4  0.0 | violet 2.2 magenta 0.9
 1484.9 0.02  75  0.0  0.2  0.0  0.4  0.0 | violet 1.2 magenta 0.7
 1485.4 0.01  91  0.0  0.0  0.0  0.0  0.0 | magenta 0.4 violet 0.4
 1485.9 0.01  90  0.0  0.0  0.0  0.1  0.0 | 
 1486.4 0.01  90  0.0  0.0  0.0  0.0  0.0 | violet 0.4 blue 0.3
 1486.9 0.01  89  0.0  0.0  0.0  0.0  0.0 | blue 0.6 violet 0.5
 1487.4 0.01  89  0.0  0.0  0.0  0.0  0.0 | violet 0.6 blue 0.5
 1487.9 0.01  89  0.0  0.0  0.0  0.0  0.0 | violet 0.7 blue 0.3
 1488.4 0.01  90  0.0  0.0  0.0  0.0  0.0 | violet 0.7 magenta 0.3
 1488.9 0.01  91  0.0  0.0  0.0  0.0  0.0 | violet 0.7
 1489.4 0.01  92  0.0  0.0  0.0  0.0  0.0 | violet 0.6
 1489.9 0.01  92  0.0  0.0  0.0  0.0  0.0 | violet 0.6
 1490.4 0.01  92  0.0  0.0  0.0  0.1  0.0 | violet 0.6
 1490.9 0.01  92  0.0  0.0  0.0  0.0  0.0 | violet 0.5
 1491.4 0.01  92  0.0  0.0  0.0  0.0  0.0 | violet 0.7
 1491.9 0.01  91  0.0  0.0  0.0  0.0  0.0 | violet 0.8
 1492.4 0.01  87  0.0  0.0  0.0  0.0  0.0 | violet 1.1 blue 0.6
 1492.9 0.09  50  3.5  0.0  0.0  0.0  1.0 | blue 10.4 azure 3.2 CUT
 1493.4 0.01  87  0.0  0.0  0.0  0.0  0.0 | violet 1.4 blue 0.6
 1493.9 0.01  86  0.0  0.0  0.0  0.0  0.0 | violet 1.2 blue 0.5
 1494.4 0.01  90  0.0  0.0  0.0  0.0  0.0 | violet 1.2
 1494.9 0.01  91  0.0  0.0  0.0  0.0  0.0 | violet 1.0
 1495.4 0.01  92  0.0  0.0  0.0  0.0  0.0 | violet 0.7
 1495.9 0.01  93  0.0  0.0  0.0  0.0  0.0 | violet 0.5
 1496.4 0.01  93  0.0  0.0  0.0  0.0  0.0 | violet 0.5
 1496.9 0.00  93  0.0  0.0  0.0  0.0  0.0 | violet 0.4
 1497.4 0.02  67  0.0  0.4  0.2  0.5  0.0 | magenta 1.8 rose 1.3 CUT
 1497.9 0.06   7  0.0  0.7  0.1  1.3  0.0 | magenta 4.4 violet 3.7
 1498.4 0.08   1  0.0  0.9  0.0  1.8  0.0 | violet 7.0 magenta 6.4
 1498.9 0.12   0  0.0  0.1  0.0  0.2  0.0 | violet 25.6 blue 11.7 CUT
 1499.4 0.10   0  0.0  0.1  0.0  0.3  0.1 | blue 19.2 violet 15.6 CUT
 1499.9 0.11   0  0.1  0.3  0.0  0.5  0.1 | blue 16.8 violet 16.2
 1500.4 0.11   0  0.1  0.1  0.0  0.3  0.2 | violet 20.4 blue 15.7 CUT
 1500.9 0.09   0  0.1  0.2  0.0  0.3  0.1 | blue 20.9 violet 14.0
 1501.4 0.10   0  0.0  0.4  0.0  0.8  0.1 | blue 16.0 violet 13.6
 1501.9 0.10   0  0.0  0.1  0.0  0.3  0.0 | violet 19.4 blue 17.5
 1502.4 0.11   0  0.0  0.1  0.0  0.3  0.0 | violet 24.0 blue 15.9
 1502.9 0.12   0  0.0  0.3  0.0  0.7  0.0 | violet 23.2 blue 13.0 CUT
 1503.4 0.09   0  0.0  0.2  0.0  0.3  0.0 | violet 16.5 blue 12.8
 1503.9 0.07   2  0.0  0.2  0.0  0.4  0.0 | violet 13.9 blue 8.0
 1504.4 0.07   4  0.0  0.2  0.0  0.4  0.0 | violet 11.7 blue 6.8
 1504.9 0.07   6  0.0  0.2  0.0  0.4  0.0 | violet 11.3 blue 4.8
 1505.4 0.08   7  0.0  0.2  0.0  0.5  0.0 | violet 9.5 blue 3.9
 1505.9 0.09   9  0.0  0.3  0.0  0.5  0.0 | violet 5.4 blue 2.8
 1506.4 0.10  11  0.1  0.4  0.0  0.7  0.1 | magenta 2.8 violet 2.3
 1506.9 0.04  64  0.1  0.2  0.1  0.4  0.1 | magenta 1.8 violet 1.0 CUT
 1507.4 0.01  91  0.0  0.1  0.1  0.0  0.0 | magenta 0.9 violet 0.5
 1507.9 0.01  88  0.0  0.1  0.1  0.1  0.0 | magenta 1.4 violet 0.5
 1508.4 0.36  20 11.0 36.5 28.8 44.1 16.7 | red 32.0 orange 9.7 CUT
 1508.9 0.52   0 17.6 53.8 43.1 64.6 26.3 | red 47.7 orange 14.4
 1509.4 0.44   7 14.7 46.8 40.4 53.1 22.4 | red 41.4 orange 12.0 CUT
 1509.9 0.03  68  0.1  1.3  1.3  1.2  0.3 | violet 2.1 magenta 2.1
 1510.4 0.11  26  1.3 18.8 10.2 27.4  1.1 | red 17.9 rose 5.1 CUT
 1510.9 0.19   9  2.7 45.3 25.2 65.4  3.3 | red 48.5 rose 2.1
 1511.4 0.25   6  4.0 57.3 33.2 81.5  5.4 | red 59.5 rose 2.6
 1511.9 0.26   6  3.8 58.5 35.0 81.9  5.0 | red 60.8 rose 2.4
 1512.4 0.27   7  4.9 57.2 33.3 81.0  6.8 | red 60.1 rose 1.5
 1512.9 0.29   3  3.6 50.8 30.7 71.0  4.4 | red 54.2 rose 1.4
 1513.4 0.26   2  1.4 43.2 25.8 60.6  0.5 | red 46.8 rose 1.4
 1513.9 0.24   4  1.3 40.3 21.6 58.9  0.3 | red 41.4 rose 4.5
 1514.4 0.24   4  2.0 40.0 21.4 58.5  0.6 | red 43.2 rose 1.6
 1514.9 0.23   7  2.1 37.8 20.9 54.8  1.1 | red 41.6 rose 0.9 CUT
 1515.4 0.15  33  3.6 24.5 29.3 19.7  7.1 | red 25.4 rose 1.6
 1515.9 0.20  22  5.9 26.7 31.1 22.2 11.8 | red 28.4 rose 1.4
 1516.4 0.22  11  5.5 31.0 34.3 27.8 11.0 | red 32.5 rose 2.6
 1516.9 0.17  27  3.8 23.1 25.7 20.4  7.7 | red 23.2 rose 5.2
 1517.4 0.16  29  3.9 24.4 28.9 20.0  7.7 | red 24.4 rose 4.5
 1517.9 0.21  25  6.1 30.4 35.5 25.2  9.1 | red 31.6 rose 2.2 CUT
 1518.4 0.44   0 14.4 47.3 42.4 52.1 16.5 | red 44.8 rose 10.3
 1518.9 0.46   0 16.3 50.9 32.9 69.0 27.4 | red 50.1 rose 7.2
 1519.4 0.42   0 12.6 55.2 33.7 76.8 24.9 | red 54.9 rose 6.4
 1519.9 0.42   0 14.5 46.6 27.2 65.9 28.9 | red 40.7 rose 13.6 CUT
 1520.4 0.45   0 16.8 44.7 26.0 63.5 32.3 | red 40.0 rose 12.4 CUT
 1520.9 0.26  16  7.8 34.1 33.1 35.1 14.5 | red 35.9 rose 1.8
 1521.4 0.20  18  5.6 26.3 31.1 21.5 11.1 | red 27.2 rose 2.7
 1521.9 0.15  40  3.9 17.5 26.0  8.9  7.8 | red 17.3 rose 4.0
 1522.4 0.15  43  5.9 11.3 14.1  8.5 11.8 | rose 10.0 red 7.2
 1522.9 0.27   5 10.7 28.1 25.0 31.2 21.2 | red 29.5 rose 3.1
 1523.4 0.28   2  7.5 35.2 31.6 38.8 15.0 | red 37.2 orange 2.4
 1523.9 0.26   5  7.9 28.5 25.9 31.2 15.7 | red 31.6 rose 1.7
 1524.4 0.25   9  7.4 30.3 26.7 33.9 14.5 | red 32.3 rose 1.6
 1524.9 0.22  12  4.6 32.8 29.8 35.9  9.0 | red 36.3 rose 1.5
 1525.4 0.22  14  7.7 21.9 18.1 25.7 15.4 | red 22.3 rose 5.4
 1525.9 0.30   2 10.9 31.3 23.2 39.4 19.7 | red 33.7 rose 1.9
 1526.4 0.31   1  8.9 37.3 28.3 46.3 17.1 | red 40.2 orange 2.3
 1526.9 0.29   3  8.5 32.1 25.3 39.0 17.0 | red 35.7 rose 1.4
 1527.4 0.28   5  8.4 31.1 26.0 36.1 16.2 | red 33.7 rose 1.6
 1527.9 0.26   5  5.5 36.6 32.4 40.9 10.3 | red 40.0 rose 1.9
 1528.4 0.24  11  6.5 29.6 26.9 32.2 12.5 | red 32.9 rose 1.7
 1528.9 0.29   3  9.0 30.6 22.7 38.5 16.7 | red 33.7 rose 1.5
 1529.4 0.30   1  7.7 38.5 25.2 51.7 14.8 | red 39.4 orange 4.0
 1529.9 0.28   4  8.2 31.7 20.1 43.2 16.1 | red 35.2 orange 1.5
 1530.4 0.25  14  7.5 24.5 18.6 30.4 14.0 | red 27.1 rose 1.2
 1530.9 0.25  12  5.5 30.2 21.3 39.2  9.3 | red 33.6 rose 1.2
 1531.4 0.20  21  3.3 29.0 25.8 32.2  5.8 | red 32.7 rose 1.6
 1531.9 0.14  37  1.2 19.7 25.0 14.3  2.3 | red 20.6 rose 3.6
 1532.4 0.16  43  2.3 18.7 23.0 14.5  4.1 | red 19.5 rose 2.9
 1532.9 0.20  34  6.1 17.8 15.6 19.9 11.2 | red 19.6 rose 1.6
 1533.4 0.22  29  6.9 18.2 14.2 22.3 12.5 | red 20.6 rose 1.5
 1533.9 0.21  22  5.1 22.7 16.2 29.2  9.0 | red 24.9 rose 3.6
 1534.4 0.14  35  2.8 20.0 20.2 19.9  5.2 | red 20.5 rose 4.9
 1534.9 0.11  21  0.5 22.0 28.2 15.8  0.7 | red 25.7 rose 2.5 CUT
 1535.4 0.13  14  0.3 25.2 28.5 22.0  0.0 | red 29.8 rose 1.7
 1535.9 0.26  14  3.4 27.6 28.9 26.3  0.4 | red 23.2 rose 13.5
 1536.4 0.30  13  7.5 21.2 20.1 22.4  2.0 | rose 21.7 red 10.4
 1536.9 0.19  16  2.6 13.2  8.9 17.5  0.9 | rose 16.9 red 4.8
 1537.4 0.08  27  0.2  3.6  1.9  5.3  0.1 | rose 6.3 violet 1.7
 1537.9 0.04  43  0.1  0.2  0.1  0.3  0.2 | violet 1.5 magenta 1.1
 1538.4 0.03  55  0.1  0.2  0.0  0.3  0.1 | violet 0.8 magenta 0.6
 1538.9 0.02  68  0.0  0.2  0.0  0.3  0.0 | violet 0.4 blue 0.4
 1539.4 0.01  80  0.0  0.0  0.0  0.1  0.0 | 
 1539.9 0.01  83  0.0  0.0  0.0  0.0  0.0 | 
 1540.4 0.00  86  0.0  0.0  0.0  0.0  0.0 | 
 1540.9 0.00  86  0.0  0.0  0.0  0.0  0.0 | 
 1541.4 0.00  90  0.0  0.0  0.0  0.0  0.0 | 
 1541.9 0.00  93  0.0  0.0  0.0  0.0  0.0 | 
 1542.4 0.00  97  0.0  0.0  0.0  0.0  0.0 | 
 1542.9 0.00  99  0.0  0.0  0.0  0.0  0.0 | 
 1543.4 0.00 100  0.0  0.0  0.0  0.0  0.0 | 
 1543.9 0.00 100  0.0  0.0  0.0  0.0  0.0 | 
 1544.4 0.00 100  0.0  0.0  0.0  0.0  0.0 | 
 1544.9 0.00 100  0.0  0.0  0.0  0.0  0.0 | 
 1545.4 0.00 100  0.0  0.0  0.0  0.0  0.0 | 
 1545.9 0.00 100  0.0  0.0  0.0  0.0  0.0 | 
 1546.4 0.00 100  0.0  0.0  0.0  0.0  0.0 | 
 1546.9 0.00 100  0.0  0.0  0.0  0.0  0.0 | 
 1547.4 0.00 100  0.0  0.0  0.0  0.0  0.0 | 
 1547.9 0.00 100  0.0  0.0  0.0  0.0  0.0 | 
 1548.4 0.00 100  0.0  0.0  0.0  0.0  0.0 | 
 1548.9 0.00 100  0.0  0.0  0.0  0.0  0.0 | 
 1549.4 0.00 100  0.0  0.0  0.0  0.0  0.0 | 
 1549.9 0.00 100  0.0  0.0  0.0  0.0  0.0 | 
 1550.4 0.00 100  0.0  0.0  0.0  0.0  0.0 | 
 1550.9 0.00 100  0.0  0.0  0.0  0.0  0.0 | 
 1551.4 0.00  94  0.0  0.1  0.1  0.1  0.0 | 
 1551.9 0.02  61  0.0  0.3  0.4  0.3  0.0 | azure 1.3 rose 0.8
 1552.4 0.04  28  0.0  0.5  0.7  0.4  0.0 | azure 2.4 blue 1.7
 1552.9 0.04  31  0.0  0.9  1.2  0.6  0.0 | rose 2.4 azure 1.5
 1553.4 0.03  35  0.0  0.6  0.8  0.4  0.0 | rose 1.6 azure 1.5
 1553.9 0.01  88  0.0  0.0  0.0  0.0  0.0 | azure 2.0 cyan 0.6
 1554.4 0.02  87  0.1  0.0  0.0  0.0  0.0 | azure 2.0 cyan 0.6
 1554.9 0.03  84  0.3  0.1  0.0  0.2  0.0 | azure 1.1 blue 0.5
 1555.4 0.07  77  1.4  0.4  0.0  0.7  1.0 | red 0.4 rose 0.3
 1555.9 0.07  75  1.2  0.0  0.0  0.0  1.1 | 
 1556.4 0.06  79  0.8  0.1  0.0  0.1  0.5 | 
 1556.9 0.04  81  0.8  0.0  0.0  0.1  0.1 | azure 1.9 cyan 0.8
 1557.4 0.03  84  0.6  0.0  0.0  0.1  0.0 | azure 2.3 cyan 0.8
 1557.9 0.03  84  0.4  0.0  0.0  0.0  0.0 | azure 2.4 cyan 0.8
 1558.4 0.02  85  0.3  0.0  0.0  0.0  0.0 | azure 2.4 cyan 0.8
 1558.9 0.02  85  0.3  0.0  0.0  0.0  0.0 | azure 2.5 cyan 0.8
 1559.4 0.02  86  0.2  0.0  0.0  0.0  0.0 | azure 2.4 cyan 0.8
 1559.9 0.02  87  0.1  0.0  0.0  0.0  0.0 | azure 2.3 cyan 0.7
 1560.4 0.02  87  0.1  0.0  0.0  0.0  0.0 | azure 2.3 cyan 0.7
 1560.9 0.02  87  0.1  0.0  0.0  0.1  0.0 | azure 2.3 cyan 0.7
 1561.4 0.02  87  0.1  0.0  0.0  0.1  0.0 | azure 2.2 cyan 0.7
 1561.9 0.02  87  0.1  0.0  0.0  0.1  0.0 | azure 2.2 cyan 0.7
 1562.4 0.02  87  0.1  0.0  0.0  0.1  0.0 | azure 2.1 cyan 0.7
 1562.9 0.02  87  0.0  0.0  0.0  0.1  0.0 | azure 2.1 cyan 0.7
 1563.4 0.02  87  0.0  0.0  0.0  0.1  0.0 | azure 2.1 cyan 0.6
 1563.9 0.02  87  0.1  0.0  0.0  0.1  0.0 | azure 2.0 cyan 0.7
 1564.4 0.02  85  0.2  0.4  0.4  0.5  0.2 | azure 1.5 magenta 0.5
 1564.9 0.07  69  1.3  6.1  7.2  5.1  2.0 | red 4.9 rose 4.4
 1565.4 0.39   6 18.0 37.4 30.1 44.6 11.4 | red 41.1 rose 2.3
 1565.9 0.35   2 13.6 37.6 23.8 51.4 12.2 | red 39.9 rose 2.6
 1566.4 0.15  34  3.3 19.1 14.7 23.5  5.9 | red 20.5 rose 3.0
 1566.9 0.08  55  0.7  7.0  8.5  5.5  1.1 | red 6.4 rose 4.8
 1567.4 0.07  62  0.2  5.0  8.8  1.2  0.4 | rose 4.3 red 4.0
 1567.9 0.08  59  0.2  8.1 14.1  2.2  0.4 | red 7.1 rose 4.6
 1568.4 0.07  56  0.1  8.2 14.7  1.6  0.2 | red 7.5 rose 4.0
 1568.9 0.05  67  0.1  3.5  6.8  0.2  0.1 | red 3.0 rose 1.7
 1569.4 0.02  80  0.1  0.7  1.2  0.1  0.1 | azure 1.7 cyan 0.8
 1569.9 0.02  84  0.1  0.1  0.1  0.1  0.1 | azure 1.8 cyan 0.9
 1570.4 0.02  85  0.0  0.0  0.0  0.0  0.1 | azure 1.4 cyan 0.9
 1570.9 0.01  86  0.0  0.0  0.0  0.0  0.0 | cyan 0.7 azure 0.4
 1571.4 0.01  88  0.0  0.0  0.0  0.0  0.0 | 
 1571.9 0.01  92  0.0  0.0  0.0  0.0  0.0 | 
 1572.4 0.00  99  0.0  0.1  0.2  0.1  0.0 | 
 1572.9 0.00  99  0.0  0.7  0.9  0.5  0.0 | red 0.5
 1573.4 0.00  99  0.0  0.7  0.9  0.5  0.0 | red 0.5
 1573.9 0.00  99  0.0  0.7  0.9  0.5  0.0 | red 0.5
 1574.4 0.00  99  0.0  0.7  0.9  0.5  0.0 | red 0.5
 1574.9 0.00  99  0.0  0.6  0.8  0.5  0.0 | red 0.4
 1575.4 0.00  99  0.0  0.5  0.7  0.3  0.0 | red 0.4
 1575.9 0.00  99  0.0  0.3  0.4  0.2  0.0 | 
 1576.4 0.00  99  0.0  0.0  0.0  0.0  0.0 | 
 1576.9 0.00  99  0.0  0.0  0.0  0.0  0.0 | 
 1577.4 0.00  99  0.0  0.0  0.0  0.0  0.0 | 
 1577.9 0.00  99  0.0  0.0  0.0  0.0  0.0 | 
 1578.4 0.00 100  0.0  0.0  0.0  0.0  0.0 | 
 1578.9 0.00 100  0.0  0.0  0.0  0.0  0.0 | 
 1579.4 0.00 100  0.0  0.0  0.0  0.0  0.0 | 
 1579.9 0.00 100  0.0  0.0  0.0  0.0  0.0 | 
 1580.4 0.00 100  0.0  0.0  0.0  0.0  0.0 | 
 1580.9 0.00 100  0.0  0.0  0.0  0.0  0.0 | 
